2 0.82421875 0.23119122257053293 0.837890625 0.22335423197492163 0.833984375 0.20768025078369906 0.83984375 0.19984326018808776 0.83984375 0.1893939393939394 0.865234375 0.16849529780564262 0.873046875 0.15543364681295715 0.876953125 0.12931034482758622 0.884765625 0.11886102403343783 0.8759765625 0.11494252873563218 0.869140625 0.09535005224660396 0.8564453125 0.08620689655172414 0.8349609375 0.08359456635318704 0.8212890625 0.10188087774294671 0.8134765625 0.09926854754440961 0.8134765625 0.109717868338558 0.8037109375 0.09404388714733543 0.7998046875 0.09404388714733543 0.77734375 0.12147335423197492 0.775390625 0.14237199582027169 0.767578125 0.17110762800417972 0.767578125 0.1841692789968652 0.77734375 0.19984326018808776 0.77734375 0.21029258098223616 0.7939453125 0.22988505747126436 0.8056640625 0.22988505747126436 0.8115234375 0.22466039707419017 0.8173828125 0.23249738766980146
2 0.78125 0.4454022988505747 0.7978515625 0.4336468129571578 0.806640625 0.4166666666666667 0.81640625 0.38531870428422155 0.81640625 0.3670323928944619 0.8203125 0.3539707419017764 0.818359375 0.32262277951933127 0.802734375 0.28605015673981193 0.7958984375 0.25862068965517243 0.791015625 0.26515151515151514 0.783203125 0.3121734587251829 0.775390625 0.33045977011494254 0.779296875 0.38531870428422155 0.7705078125 0.38140020898641586 0.763671875 0.3905433646812957 0.76953125 0.4218913270637409 0.767578125 0.43495297805642635 0.7763671875 0.44670846394984326
2 0.52578125 0.5621734587251829 0.52265625 0.5788923719958202 0.5296875 0.5924764890282131 0.54765625 0.5893416927899686 0.56171875 0.5715778474399164 0.5671875 0.54858934169279 0.565625 0.5412748171368861 0.56015625 0.5297805642633229 0.55234375 0.5287356321839081 0.5421875 0.5370950888192267
2 0.5078125 0.7042842215256009 0.50703125 0.7262277951933125 0.51171875 0.7398119122257053 0.5171875 0.7502612330198537 0.52890625 0.7575757575757576 0.53359375 0.7502612330198537 0.540625 0.703239289446186 0.53671875 0.6844305120167189 0.52890625 0.6760710553814002 0.51640625 0.677115987460815
2 0.6875 0.3103448275862069 0.684375 0.3375130616509927 0.6859375 0.4043887147335423 0.68984375 0.4106583072100313 0.6890625 0.4231974921630094 0.7046875 0.42737722048066873 0.715625 0.4169278996865204 0.725 0.3981191222570533 0.72421875 0.3542319749216301 0.7 0.30616509926854757 0.69296875 0.30407523510971785
2 0.87890625 0.7439916405433646 0.878125 0.7586206896551724 0.88359375 0.7648902821316614 0.9 0.7617554858934169 0.90625 0.7565308254963428 0.91640625 0.7304075235109718 0.9140625 0.7063740856844305 0.9078125 0.6948798328108673 0.89375 0.703239289446186 0.88515625 0.7157784743991641
2 0.93046875 0.851619644723093 0.93359375 0.8652037617554859 0.92734375 0.8798328108672936 0.9359375 0.928944618599791 0.94296875 0.9467084639498433 0.95078125 0.9310344827586207 0.953125 0.9122257053291536 0.95859375 0.9017763845350052 0.96171875 0.8840125391849529 0.96015625 0.8610240334378265 0.95546875 0.8495297805642633 0.94375 0.8390804597701149
2 0.853125 0.8955067920585162 0.85625 0.8996865203761756 0.85078125 0.9278996865203761 0.85703125 0.9373040752351097 0.87265625 0.93521421107628 0.8859375 0.9216300940438872 0.89140625 0.9090909090909091 0.89453125 0.8881922675026124 0.8921875 0.8756530825496343 0.8765625 0.8683385579937304 0.86953125 0.8735632183908046 0.85625 0.8955067920585162
2 0.915625 0.7084639498432602 0.9140625 0.7157784743991641 0.928125 0.7784743991640544 0.92265625 0.8077324973876698 0.93203125 0.8171368861024033 0.95078125 0.8035527690700105 0.95625 0.7826541274817137 0.9546875 0.7701149425287356 0.94765625 0.7669801462904912 0.934375 0.7366771159874608
2 0.7359375 0.15151515151515152 0.73046875 0.18495297805642633 0.7328125 0.20794148380355276 0.73984375 0.219435736677116 0.7484375 0.21839080459770116 0.76015625 0.20167189132706373 0.7625 0.1588296760710554 0.74765625 0.12434691745036573 0.74375 0.12643678160919541
2 0.7421875 0.8631138975966562 0.73515625 0.8766980146290491 0.76796875 0.8787878787878788 0.775 0.8756530825496343 0.78984375 0.8495297805642633 0.7890625 0.8254963427377221 0.7796875 0.8171368861024033 0.77109375 0.8202716823406478
2 0.72421875 0.9090909090909091 0.7234375 0.9153605015673981 0.7265625 0.9195402298850575 0.74453125 0.9310344827586207 0.75703125 0.9362591431556949 0.7671875 0.9341692789968652 0.77734375 0.9132706374085684 0.77578125 0.8861024033437827 0.7671875 0.8808777429467085 0.746875 0.8871473354231975 0.7375 0.9028213166144201
