2 0.26796875 0.4205851619644723 0.26796875 0.39759665621734586 0.258984375 0.39080459770114945 0.24609375 0.41327063740856845 0.24453125 0.4456635318704284 0.24765625 0.44879832810867293 0.26484375 0.42998955067920586
2 0.2796875 0.5470219435736677 0.28671875 0.5407523510971787 0.28828125 0.5271682340647857 0.294921875 0.5276907001044933 0.29765625 0.5229885057471264 0.29609375 0.5083594566353187 0.3015625 0.5041797283176593 0.303125 0.493730407523511 0.3 0.48223615464994773 0.30546875 0.47596656217345873 0.297265625 0.4618599791013584 0.282421875 0.4566353187042842 0.274609375 0.4660397074190178 0.260546875 0.4618599791013584 0.243359375 0.4670846394984326 0.2265625 0.49686520376175547 0.23046875 0.5073145245559039 0.23125 0.5407523510971787 0.23984375 0.5626959247648903 0.250390625 0.5788923719958202 0.2546875 0.5794148380355277 0.269140625 0.5726227795193313
2 0.357421875 0.3931556948798328 0.3623046875 0.38662486938349006 0.3779296875 0.3892371995820272 0.380859375 0.3774817136886102 0.376953125 0.3670323928944619 0.37109375 0.3618077324973877 0.3837890625 0.3657262277951933 0.3974609375 0.35788923719958204 0.40625 0.3461337513061651 0.40625 0.3409090909090909 0.421875 0.32523510971786834 0.421875 0.31739811912225707 0.431640625 0.2991118077324974 0.439453125 0.27298850574712646 0.4453125 0.26515151515151514 0.4443359375 0.2612330198537095 0.4033203125 0.2612330198537095 0.3857421875 0.2690700104493208 0.3818359375 0.2664576802507837 0.3681640625 0.28474399164054337 0.34765625 0.2964994775339603 0.337890625 0.32001044932079414 0.337890625 0.3409090909090909 0.341796875 0.3539707419017764 0.33203125 0.36964472309299895 0.33203125 0.3774817136886102 0.3447265625 0.39184952978056425
2 0.265625 0.2938871473354232 0.2744140625 0.28735632183908044 0.2998046875 0.28474399164054337 0.318359375 0.2547021943573668 0.326171875 0.23119122257053293 0.3349609375 0.22466039707419017 0.33984375 0.21551724137931033 0.3251953125 0.2142110762800418 0.3154296875 0.20637408568443052 0.2939453125 0.2089864158829676 0.2666015625 0.22988505747126436 0.2607421875 0.22727272727272727 0.255859375 0.23380355276907 0.25390625 0.2468652037617555 0.2451171875 0.25862068965517243 0.236328125 0.25992685475444094 0.234375 0.27298850574712646 0.2451171875 0.29519331243469177
2 0.197265625 0.45846394984326017 0.203125 0.43495297805642635 0.22265625 0.398380355276907 0.220703125 0.38009404388714735 0.23046875 0.3539707419017764 0.228515625 0.33568443051201674 0.2255859375 0.33176593521421105 0.2119140625 0.33176593521421105 0.2060546875 0.3213166144200627 0.201171875 0.32262277951933127 0.197265625 0.343521421107628 0.1875 0.35919540229885055 0.18359375 0.4036050156739812 0.185546875 0.43495297805642635 0.193359375 0.4558516196447231
2 0.7578125 0.5655694879832811 0.7734375 0.5446708463949843 0.7734375 0.5133228840125392 0.767578125 0.49242424242424243 0.759765625 0.48197492163009403 0.74609375 0.4454022988505747 0.7392578125 0.44148380355276906 0.7373046875 0.44670846394984326 0.7333984375 0.44670846394984326 0.7255859375 0.43625914315569486 0.7216796875 0.43625914315569486 0.716796875 0.4480146290491118 0.716796875 0.49242424242424243 0.72265625 0.508098223615465 0.71875 0.5159352142110762 0.736328125 0.5446708463949843 0.734375 0.5498955067920586 0.7412109375 0.5590386624869383 0.7529296875 0.5668756530825496
2 0.79609375 0.367816091954023 0.78984375 0.39707419017763845 0.796875 0.4054336468129572 0.80390625 0.42424242424242425 0.8125 0.42737722048066873 0.82578125 0.44723092998955066 0.82734375 0.4378265412748171 0.8453125 0.42528735632183906 0.8484375 0.41379310344827586 0.8453125 0.3552769070010449 0.84140625 0.3448275862068966 0.8171875 0.33019853709508884 0.8015625 0.35214211076280044
2 0.771875 0.400208986415883 0.76640625 0.40752351097178685 0.7703125 0.4231974921630094 0.7671875 0.42737722048066873 0.7671875 0.4367816091954023 0.78125 0.4660397074190178 0.78984375 0.4670846394984326 0.79765625 0.438871473354232 0.7953125 0.4221525600835946 0.784375 0.3991640543364681
2 0.76484375 0.36886102403343785 0.765625 0.3761755485893417 0.759375 0.3928944618599791 0.7796875 0.38662486938349006 0.7953125 0.3573667711598746 0.79609375 0.3406478578892372 0.7890625 0.3166144200626959 0.78984375 0.3019853709508882 0.78671875 0.2988505747126437 0.77890625 0.3155694879832811 0.77890625 0.3333333333333333 0.7734375 0.35214211076280044
2 0.70546875 0.27899686520376177 0.70234375 0.2998955067920585 0.70859375 0.3103448275862069 0.72578125 0.2936259143155695 0.73046875 0.28735632183908044 0.73046875 0.28108672936259144 0.7453125 0.26750261233019856 0.7484375 0.24869383490073146 0.753125 0.24033437826541273 0.7515625 0.22988505747126436 0.76484375 0.19853709508881923 0.7640625 0.1922675026123302 0.74296875 0.2006269592476489 0.71796875 0.23197492163009403 0.71328125 0.2612330198537095
2 0.52578125 0.24242424242424243 0.52578125 0.24869383490073146 0.53671875 0.2476489028213166 0.575 0.258098223615465 0.5875 0.27063740856844304 0.6046875 0.26332288401253917 0.62265625 0.26332288401253917 0.6296875 0.25914315569487983 0.63203125 0.25287356321839083 0.6109375 0.2225705329153605 0.55078125 0.22570532915360503
2 0.765625 0.5590386624869383 0.76640625 0.5694879832810867 0.80234375 0.5977011494252874 0.809375 0.5987460815047022 0.8140625 0.6112852664576802 0.81796875 0.6112852664576802 0.825 0.6248693834900731 0.84609375 0.6227795193312434 0.853125 0.6165099268547545 0.8578125 0.6029258098223615 0.859375 0.5747126436781609 0.8546875 0.5632183908045977 0.8296875 0.542319749216301 0.82421875 0.5464994775339603 0.8140625 0.5412748171368861 0.81015625 0.5329153605015674 0.778125 0.5391849529780565
2 0.77421875 0.4702194357366771 0.7734375 0.47335423197492166 0.79453125 0.49738766980146293 0.80703125 0.5412748171368861 0.82578125 0.5496342737722049 0.83046875 0.5475444096133751 0.8515625 0.5590386624869383 0.85859375 0.5684430512016719 0.86015625 0.5768025078369906 0.86875 0.5862068965517241 0.8640625 0.5956112852664577 0.875 0.5956112852664577 0.8734375 0.5882967607105538 0.8796875 0.5736677115987461 0.88046875 0.5590386624869383 0.87265625 0.5329153605015674 0.8453125 0.5036572622779519 0.83671875 0.5036572622779519 0.82265625 0.4890282131661442
2 0.7546875 0.7011494252873564 0.759375 0.7105538140020898 0.75859375 0.722048066875653 0.75234375 0.7283176593521421 0.74140625 0.7513061650992685 0.74296875 0.7910135841170324 0.74609375 0.8140020898641588 0.75078125 0.8254963427377221 0.76953125 0.8359456635318704 0.7734375 0.831765935214211 0.7734375 0.8234064785788924 0.7796875 0.8066875653082549 0.7953125 0.7774294670846394 0.796875 0.7596656217345873 0.80390625 0.7481713688610241 0.8125 0.7147335423197492 0.809375 0.7063740856844305 0.7984375 0.6990595611285266 0.7984375 0.6927899686520376 0.77890625 0.703239289446186 0.775 0.7001044932079414
2 0.821875 0.723092998955068 0.82109375 0.7377220480668757 0.8265625 0.7429467084639498 0.8381328124999999 0.728141065830721 0.84728046875 0.7266112852664577 0.8683703125 0.7043510971786834 0.87599296875 0.7084294670846395 0.87485 0.6951745036572623 0.88984375 0.6792058516196448 0.88828125 0.6572622779519331 0.8828125 0.6551724137931034 0.87421875 0.6635318704284221 0.85546875 0.6478578892371996 0.8546875 0.6656217345872518 0.85078125 0.677115987460815 0.8612554687499999 0.6893970741901777
3 0.65625 0.593521421107628 0.6578125 0.6039707419017764 0.67890625 0.6081504702194357 0.7 0.6206896551724138 0.79765625 0.6384535005224661 0.8296875 0.6394984326018809 0.840625 0.632183908045977 0.86328125 0.6300940438871473 0.86015625 0.6248693834900731 0.7953125 0.6248693834900731
2 0.44140625 0.44618599791013586 0.43828125 0.47439916405433646 0.44375 0.48066875653082547 0.46640625 0.47962382445141066 0.47265625 0.47335423197492166 0.49140625 0.477533960292581 0.5015625 0.47126436781609193 0.50390625 0.4618599791013584 0.51015625 0.45768025078369906 0.51484375 0.4399164054336468 0.521875 0.43260188087774293 0.525 0.4179728317659352 0.48828125 0.4106583072100313 0.47421875 0.41274817136886105 0.459375 0.4284221525600836 0.446875 0.43573667711598746
2 0.71953125 0.3218390804597701 0.72109375 0.3719958202716823 0.71796875 0.3887147335423197 0.7203125 0.39080459770114945 0.728125 0.38557993730407525 0.7421875 0.3605015673981191 0.74453125 0.3333333333333333 0.73984375 0.30929989550679204 0.73203125 0.29153605015673983 0.72578125 0.29571577847439917 0.7234375 0.3176593521421108
3 0.65625 0.9717868338557993 0.6578125 0.9885057471264368 0.665625 0.9989550679205852 0.68359375 0.9989550679205852
2 0.55 0.21525600835945663 0.546875 0.219435736677116 0.5484375 0.22570532915360503 0.56484375 0.22466039707419017 0.59765625 0.21003134796238246 0.615625 0.20689655172413793 0.6203125 0.2006269592476489 0.6203125 0.18495297805642633 0.59609375 0.18808777429467086 0.584375 0.18181818181818182
2 0.62421875 0.19017763845350052 0.6234375 0.1974921630094044 0.6265625 0.20376175548589343 0.63515625 0.2006269592476489 0.6265625 0.18808777429467086
2 0.66328125 0.722048066875653 0.66484375 0.7314524555903866 0.67109375 0.7398119122257053 0.67734375 0.7408568443051202 0.7125 0.7157784743991641 0.7171875 0.6854754440961337 0.70546875 0.6614420062695925 0.68203125 0.664576802507837 0.68125 0.6750261233019854
2 0.2640625 0.696969696969697 0.25390625 0.7042842215256009 0.25859375 0.7147335423197492 0.26875 0.7241379310344828 0.296875 0.7345872518286312 0.30625 0.7335423197492164 0.3171875 0.7074190177638453 0.31640625 0.696969696969697 0.29921875 0.6792058516196448
2 0.2328125 0.7972831765935214 0.2328125 0.8296760710553814 0.24765625 0.8443051201671892 0.259375 0.8390804597701149 0.27578125 0.800417972831766 0.27578125 0.7899686520376176 0.2703125 0.7795193312434692 0.27109375 0.768025078369906 0.2640625 0.7502612330198537 0.26015625 0.7429467084639498 0.24765625 0.7335423197492164 0.2421875 0.7398119122257053
