2 0.4492481203007519 0.5247395833333334 0.4567669172932331 0.54296875 0.46710526315789475 0.546875 0.4859022556390977 0.5416666666666666 0.49718045112781956 0.5494791666666666 0.5159774436090225 0.5477430555555556 0.5347744360902256 0.5642361111111112 0.5535714285714286 0.5616319444444444 0.5761278195488722 0.5711805555555556 0.6005639097744361 0.5694444444444444 0.6109022556390977 0.5525173611111112 0.6015037593984962 0.5368923611111112 0.6090225563909775 0.5290798611111112 0.5845864661654135 0.5125868055555556 0.5902255639097744 0.5065104166666666 0.6090225563909775 0.5013020833333334 0.6052631578947368 0.4900173611111111 0.5592105263157895 0.4782986111111111 0.5385338345864662 0.4800347222222222 0.5366541353383458 0.4713541666666667 0.5178571428571429 0.4713541666666667 0.48402255639097747 0.4774305555555556 0.4567669172932331 0.4926215277777778 0.4642857142857143 0.4995659722222222
2 0.575187969924812 0.3681640625 0.5773026315789473 0.36328125 0.6195958646616542 0.36328125 0.6280545112781954 0.353515625 0.6470864661654135 0.3525390625 0.680921052631579 0.3232421875 0.6745770676691729 0.31640625 0.5984492481203008 0.318359375 0.5730733082706767 0.32421875 0.5603853383458647 0.322265625 0.5434680451127819 0.328125 0.5350093984962406 0.326171875 0.5244360902255639 0.3349609375 0.5032894736842105 0.3408203125 0.5032894736842105 0.3642578125 0.5096334586466166 0.3671875 0.5265507518796992 0.365234375
2 0.15648496240601503 0.5283203125 0.18397556390977443 0.525390625 0.20723684210526316 0.5126953125 0.20723684210526316 0.5068359375 0.18820488721804512 0.49609375 0.16282894736842105 0.490234375 0.08670112781954888 0.490234375 0.05921052631578947 0.5009765625 0.08670112781954888 0.517578125 0.12053571428571429 0.5234375 0.13322368421052633 0.529296875
2 0.16071428571428573 0.5869140625 0.1924342105263158 0.5859375 0.21358082706766918 0.57421875 0.2262687969924812 0.57421875 0.23684210526315788 0.5693359375 0.21781015037593984 0.544921875 0.19666353383458646 0.544921875 0.15437030075187969 0.537109375 0.15014097744360902 0.541015625 0.10784774436090226 0.541015625 0.0549812030075188 0.5576171875 0.06132518796992481 0.568359375 0.09093045112781954 0.57421875 0.11630639097744361 0.583984375
2 0.8585526315789473 0.5654296875 0.8818139097744361 0.556640625 0.9029605263157895 0.556640625 0.9050751879699248 0.5517578125 0.9219924812030075 0.5458984375 0.9219924812030075 0.5361328125 0.9346804511278195 0.5224609375 0.9346804511278195 0.4912109375 0.9283364661654135 0.484375 0.8543233082706767 0.5185546875 0.8374060150375939 0.5419921875 0.8416353383458647 0.5615234375 0.8522086466165414 0.56640625
2 0.7105263157894737 0.5263671875 0.7401315789473685 0.5087890625 0.7443609022556391 0.4775390625 0.7295582706766918 0.46484375 0.6851503759398496 0.4873046875 0.6724624060150376 0.5087890625 0.6766917293233082 0.5146484375 0.7041823308270677 0.52734375
2 0.35103383458646614 0.5732421875 0.3869830827067669 0.5703125 0.4419642857142857 0.55078125 0.4525375939849624 0.5419921875 0.42081766917293234 0.53125 0.3362312030075188 0.53125 0.32777255639097747 0.53515625 0.30662593984962405 0.533203125 0.30028195488721804 0.5439453125 0.287593984962406 0.5458984375 0.29605263157894735 0.5673828125 0.30239661654135336 0.5703125 0.3193139097744361 0.568359375 0.3362312030075188 0.57421875
2 0.2199248120300752 0.6611328125 0.23472744360902256 0.65625 0.25164473684210525 0.65625 0.26644736842105265 0.6455078125 0.26221804511278196 0.6318359375 0.2791353383458647 0.6220703125 0.268562030075188 0.61328125 0.19666353383458646 0.6171875 0.1924342105263158 0.623046875 0.12053571428571429 0.634765625 0.08458646616541353 0.6513671875 0.08670112781954888 0.654296875 0.15437030075187969 0.658203125 0.1712875939849624 0.662109375
2 0.3890977443609023 0.5302734375 0.4398496240601504 0.5146484375 0.42081766917293234 0.50390625 0.36160714285714285 0.49609375 0.30028195488721804 0.5029296875 0.2918233082706767 0.5185546875 0.2981672932330827 0.52734375 0.32777255639097747 0.53125
2 0.4398496240601504 0.24479166666666666 0.44548872180451127 0.2777777777777778 0.4924812030075188 0.2977430555555556 0.5338345864661654 0.3055555555555556 0.5507518796992481 0.2751736111111111 0.5394736842105263 0.2508680555555556 0.5112781954887218 0.2404513888888889
2 0.4266917293233083 0.3203125 0.42293233082706766 0.3489583333333333 0.43045112781954886 0.3680555555555556 0.43609022556390975 0.3732638888888889 0.46616541353383456 0.3810763888888889 0.4981203007518797 0.3645833333333333 0.5150375939849624 0.3411458333333333 0.5093984962406015 0.3376736111111111 0.4849624060150376 0.3359375 0.4342105263157895 0.3142361111111111
2 0.4943609022556391 0.3767361111111111 0.48872180451127817 0.3854166666666667 0.4981203007518797 0.3958333333333333 0.5639097744360902 0.4053819444444444 0.6127819548872181 0.3923611111111111 0.5977443609022557 0.3897569444444444 0.5676691729323309 0.3706597222222222 0.5451127819548872 0.3697916666666667 0.5281954887218046 0.3637152777777778 0.5093984962406015 0.3663194444444444
2 0.45112781954887216 0.4079861111111111 0.45300751879699247 0.4201388888888889 0.48120300751879697 0.4296875 0.5169172932330827 0.4331597222222222 0.5507518796992481 0.4270833333333333 0.556390977443609 0.4201388888888889 0.556390977443609 0.4071180555555556 0.47368421052631576 0.3940972222222222
2 0.3026315789473684 0.3767361111111111 0.3026315789473684 0.3854166666666667 0.31954887218045114 0.3914930555555556 0.33646616541353386 0.4079861111111111 0.3609022556390977 0.4123263888888889 0.39285714285714285 0.4123263888888889 0.41541353383458646 0.4036458333333333 0.4116541353383459 0.3845486111111111 0.37781954887218044 0.3715277777777778
3 0.7086466165413534 0.6223958333333334 0.7236842105263158 0.6345486111111112 0.6973684210526315 0.6449652777777778 0.7030075187969925 0.6536458333333334 0.7744360902255639 0.6536458333333334 0.8101503759398496 0.6493055555555556 0.8233082706766918 0.6571180555555556 0.8270676691729323 0.6805555555555556 0.8421052631578947 0.6892361111111112 0.8439849624060151 0.6961805555555556 0.8609022556390977 0.6987847222222222 0.8665413533834586 0.6918402777777778 0.8590225563909775 0.6857638888888888 0.8571428571428571 0.6684027777777778 0.8740601503759399 0.6571180555555556 0.8533834586466166 0.6328125 0.8703007518796992 0.6059027777777778 0.8421052631578947 0.5789930555555556 0.8270676691729323 0.5798611111111112 0.8289473684210527 0.5911458333333334 0.8402255639097744 0.5946180555555556 0.8270676691729323 0.6154513888888888 0.793233082706767 0.6171875 0.7631578947368421 0.6267361111111112 0.731203007518797 0.6197916666666666 0.7124060150375939 0.6189236111111112
3 0.4868421052631579 0.7083333333333334 0.4793233082706767 0.7126736111111112 0.45300751879699247 0.7152777777777778 0.4548872180451128 0.7178819444444444 0.47368421052631576 0.7178819444444444 0.4774436090225564 0.7274305555555556 0.4924812030075188 0.7213541666666666 0.5206766917293233 0.7274305555555556 0.5733082706766918 0.71875 0.6278195488721805 0.7170138888888888 0.6221804511278195 0.7100694444444444 0.6052631578947368 0.7100694444444444 0.5958646616541353 0.6996527777777778 0.5864661654135338 0.7083333333333334 0.575187969924812 0.7109375
3 0.7988721804511278 0.6241319444444444 0.7969924812030075 0.6458333333333334 0.806390977443609 0.6440972222222222 0.8270676691729323 0.6484375 0.8383458646616542 0.6640625 0.8383458646616542 0.6796875 0.849624060150376 0.671875 0.849624060150376 0.6579861111111112 0.8665413533834586 0.6545138888888888 0.8646616541353384 0.6493055555555556 0.8308270676691729 0.6223958333333334
3 0.6973684210526315 0.6458333333333334 0.6973684210526315 0.6536458333333334 0.7330827067669173 0.6553819444444444 0.7669172932330827 0.6501736111111112 0.7857142857142857 0.6423611111111112 0.7913533834586466 0.6302083333333334 0.7800751879699248 0.6267361111111112 0.7612781954887218 0.6354166666666666 0.7387218045112782 0.6354166666666666 0.7330827067669173 0.640625
3 0.8195488721804511 0.8142361111111112 0.8120300751879699 0.8142361111111112 0.8139097744360902 0.8263888888888888 0.8609022556390977 0.8350694444444444 0.8646616541353384 0.8307291666666666 0.8759398496240601 0.8324652777777778 0.8796992481203008 0.8298611111111112 0.8796992481203008 0.8211805555555556 0.8515037593984962 0.8211805555555556
3 0.6334586466165414 0.7126736111111112 0.6372180451127819 0.7204861111111112 0.7593984962406015 0.7135416666666666 0.7838345864661654 0.7265625 0.7894736842105263 0.7248263888888888 0.7857142857142857 0.7135416666666666 0.8139097744360902 0.7074652777777778 0.825187969924812 0.7074652777777778 0.8402255639097744 0.7178819444444444 0.8947368421052632 0.7161458333333334 0.9078947368421053 0.7196180555555556 0.943609022556391 0.7482638888888888 0.9661654135338346 0.7595486111111112 0.9680451127819549 0.7838541666666666 0.9887218045112782 0.8090277777777778 0.981203007518797 0.8211805555555556 0.981203007518797 0.8420138888888888 0.9906015037593985 0.8411458333333334 0.9981203007518797 0.8350694444444444 0.9981203007518797 0.7578125 0.9417293233082706 0.7065972222222222 0.9342105263157895 0.6484375 0.9191729323308271 0.6414930555555556 0.9078947368421053 0.6388888888888888 0.8909774436090225 0.6414930555555556 0.8928571428571429 0.6701388888888888 0.8721804511278195 0.6875 0.8458646616541353 0.6892361111111112 0.8383458646616542 0.703125 0.8157894736842105 0.7039930555555556 0.806390977443609 0.6996527777777778 0.8007518796992481 0.703125 0.75 0.703125 0.7406015037593985 0.7005208333333334 0.7387218045112782 0.6883680555555556 0.7330827067669173 0.6875 0.7387218045112782 0.6935763888888888 0.7092725563909775 0.7039930555555556 0.6729323308270677 0.703125
2 0.25375939849624063 0.6892361111111112 0.2631578947368421 0.7387152777777778 0.33646616541353386 0.7482638888888888 0.35714285714285715 0.7491319444444444 0.37593984962406013 0.7447916666666666 0.3966165413533835 0.7282986111111112 0.40977443609022557 0.6987847222222222 0.3684210526315789 0.6692708333333334 0.33270676691729323 0.6623263888888888 0.2951127819548872 0.6675347222222222 0.27631578947368424 0.6727430555555556
3 0.14097744360902256 0.2074652777777778 0.14849624060150377 0.21788194444444445 0.14285714285714285 0.2465277777777778 0.2274436090225564 0.2725694444444444 0.25 0.2838541666666667 0.3308270676691729 0.3671875 0.35526315789473684 0.3689236111111111 0.35714285714285715 0.3602430555555556 0.2781954887218045 0.2769097222222222 0.25375939849624063 0.22135416666666666 0.2349624060150376 0.21788194444444445 0.231203007518797 0.2248263888888889 0.20864661654135339 0.23177083333333334 0.18609022556390978 0.2282986111111111 0.17669172932330826 0.21961805555555555
2 0.35526315789473684 0.5954861111111112 0.33458646616541354 0.6024305555555556 0.3308270676691729 0.6076388888888888 0.3026315789473684 0.6111111111111112 0.3101503759398496 0.6215277777777778 0.32894736842105265 0.6241319444444444 0.32894736842105265 0.6302083333333334 0.3458646616541353 0.6397569444444444 0.3815789473684211 0.6414930555555556 0.40601503759398494 0.6354166666666666 0.4266917293233083 0.6354166666666666 0.4680451127819549 0.6189236111111112 0.46616541353383456 0.6076388888888888 0.45112781954887216 0.6024305555555556 0.43045112781954886 0.6032986111111112 0.40601503759398494 0.5972222222222222
2 0.6146616541353384 0.7673611111111112 0.6071428571428571 0.7907986111111112 0.618421052631579 0.8116319444444444 0.6672932330827067 0.8394097222222222 0.7161654135338346 0.8524305555555556 0.7349624060150376 0.8342013888888888 0.7406015037593985 0.8125 0.7387218045112782 0.7986111111111112 0.7048872180451128 0.7552083333333334 0.6898496240601504 0.7517361111111112 0.6578947368421053 0.7526041666666666
2 0.39473684210526316 0.7473958333333334 0.37781954887218044 0.7630208333333334 0.38721804511278196 0.8038194444444444 0.41541353383458646 0.8394097222222222 0.43045112781954886 0.8480902777777778 0.4567669172932331 0.8307291666666666 0.462406015037594 0.7517361111111112 0.45300751879699247 0.7352430555555556 0.4417293233082707 0.7309027777777778 0.424812030075188 0.7404513888888888
2 0.7969924812030075 0.7404513888888888 0.7913533834586466 0.7439236111111112 0.7913533834586466 0.7638888888888888 0.8007518796992481 0.7743055555555556 0.8345864661654135 0.7925347222222222 0.8590225563909775 0.7994791666666666 0.9041353383458647 0.8029513888888888 0.9135338345864662 0.7838541666666666 0.8909774436090225 0.7526041666666666 0.8402255639097744 0.7291666666666666 0.8270676691729323 0.7300347222222222
2 0.7387218045112782 0.5138888888888888 0.7236842105263158 0.5251736111111112 0.7274436090225563 0.5364583333333334 0.7443609022556391 0.5477430555555556 0.7575187969924813 0.5486111111111112 0.7894736842105263 0.5321180555555556 0.793233082706767 0.5026041666666666 0.7875939849624061 0.4991319444444444 0.7725563909774437 0.4991319444444444
2 0.6466165413533834 0.1032986111111111 0.6447368421052632 0.1111111111111111 0.6522556390977443 0.1171875 0.7011278195488722 0.1284722222222222 0.7349624060150376 0.13194444444444445 0.7669172932330827 0.13975694444444445 0.8421052631578947 0.140625 0.8402255639097744 0.13194444444444445 0.8157894736842105 0.11371527777777778 0.7894736842105263 0.10069444444444445 0.7274436090225563 0.08333333333333333 0.6879699248120301 0.0859375 0.6729323308270677 0.08333333333333333 0.6654135338345865 0.09809027777777778
3 0.2199248120300752 0.4956597222222222 0.2199248120300752 0.5095486111111112 0.2387218045112782 0.5199652777777778 0.27631578947368424 0.6067708333333334 0.31390977443609025 0.6666666666666666 0.31954887218045114 0.6614583333333334 0.3157894736842105 0.6423611111111112 0.287593984962406 0.5928819444444444 0.2781954887218045 0.5442708333333334 0.231203007518797 0.4965277777777778
2 0.5300751879699248 0.6336805555555556 0.5338345864661654 0.6527777777777778 0.5263157894736842 0.6571180555555556 0.5281954887218046 0.6657986111111112 0.5545112781954887 0.6736111111111112 0.6109022556390977 0.6770833333333334 0.6372180451127819 0.6241319444444444 0.6259398496240601 0.6006944444444444 0.6109022556390977 0.59375 0.6033834586466166 0.5954861111111112 0.5939849624060151 0.5894097222222222 0.5827067669172933 0.5885416666666666 0.5582706766917294 0.6085069444444444 0.5469924812030075 0.6111111111111112 0.5451127819548872 0.6223958333333334
2 0.18421052631578946 0.05381944444444445 0.18233082706766918 0.0642361111111111 0.20300751879699247 0.07465277777777778 0.22180451127819548 0.0720486111111111 0.2462406015037594 0.06076388888888889 0.2462406015037594 0.04861111111111111 0.22556390977443608 0.012152777777777778
2 0.0018796992481203006 0.046875 0 0.051215277777777776 0.013157894736842105 0.06076388888888889 0.05075187969924812 0.0798611111111111 0.06578947368421052 0.08333333333333333 0.14285714285714285 0.08854166666666667 0.15789473684210525 0.0842013888888889 0.17105263157894737 0.07378472222222222 0.16917293233082706 0.06163194444444445 0.12218045112781954 0.04600694444444445 0.02819548872180451 0.04079861111111111
2 0.045112781954887216 0.16319444444444445 0.046992481203007516 0.17881944444444445 0.06766917293233082 0.18663194444444445 0.09774436090225563 0.1736111111111111 0.12593984962406016 0.1484375 0.13721804511278196 0.11979166666666667 0.12218045112781954 0.12065972222222222 0.06954887218045112 0.140625
2 0.4943609022556391 0.734375 0.4981203007518797 0.7560763888888888 0.5056390977443609 0.7604166666666666 0.5300751879699248 0.7638888888888888 0.5451127819548872 0.75 0.5451127819548872 0.7317708333333334 0.5319548872180451 0.7230902777777778 0.5206766917293233 0.7222222222222222
2 0.2556390977443609 0.21875 0.2650375939849624 0.2456597222222222 0.287593984962406 0.24131944444444445 0.34774436090225563 0.2387152777777778 0.37030075187969924 0.23350694444444445 0.38345864661654133 0.2248263888888889 0.37406015037593987 0.20833333333333334 0.3533834586466165 0.203125 0.3176691729323308 0.20572916666666666
2 0.23308270676691728 0.234375 0.2199248120300752 0.23350694444444445 0.2199248120300752 0.2482638888888889 0.2349624060150376 0.2482638888888889
