2 0.3890977443609023 0.6826171875 0.4144736842105263 0.6572265625 0.41870300751879697 0.6435546875 0.4356203007518797 0.6318359375 0.4398496240601504 0.6103515625 0.3489191729323308 0.583984375 0.3362312030075188 0.59375 0.31508458646616544 0.591796875 0.274906015037594 0.5986328125 0.274906015037594 0.6259765625 0.28125 0.6328125 0.30874060150375937 0.6376953125 0.31719924812030076 0.6630859375 0.3256578947368421 0.6689453125 0.3531484962406015 0.6796875
2 0.26221804511278196 0.5849609375 0.27279135338345867 0.583984375 0.3256578947368421 0.5615234375 0.3298872180451128 0.5498046875 0.31508458646616544 0.54296875 0.28970864661654133 0.544921875 0.2643327067669173 0.537109375 0.24318609022556392 0.53515625 0.23049812030075187 0.544921875 0.1924342105263158 0.546875 0.1924342105263158 0.5546875 0.15014097744360902 0.5625 0.13110902255639098 0.5732421875 0.13322368421052633 0.578125 0.16705827067669174 0.580078125 0.18820488721804512 0.5859375
2 0.24107142857142858 0.5126953125 0.2474154135338346 0.509765625 0.26010338345864664 0.51171875 0.2791353383458647 0.4970703125 0.2918233082706767 0.4931640625 0.268562030075188 0.474609375 0.25164473684210525 0.4765625 0.16282894736842105 0.458984375 0.09304511278195489 0.4755859375 0.09727443609022557 0.4833984375 0.11630639097744361 0.4921875 0.16282894736842105 0.505859375
2 0.31296992481203006 0.3681640625 0.3341165413533835 0.3623046875 0.3256578947368421 0.3544921875 0.3256578947368421 0.3408203125 0.268562030075188 0.3203125 0.24318609022556392 0.31640625 0.20935150375939848 0.31640625 0.20300751879699247 0.3193359375 0.20723684210526316 0.3232421875 0.24953007518796994 0.3525390625 0.30239661654135336 0.369140625
2 0.7359022556390977 0.4443359375 0.7422462406015038 0.44140625 0.7887687969924813 0.439453125 0.856437969924812 0.427734375 0.8627819548872181 0.4228515625 0.7845394736842105 0.3984375 0.7676221804511278 0.3984375 0.7507048872180451 0.390625 0.712640977443609 0.396484375 0.7105263157894737 0.3916015625 0.6957236842105263 0.388671875 0.6788063909774437 0.396484375 0.6618890977443609 0.396484375 0.6470864661654135 0.4208984375 0.6640037593984962 0.4365234375 0.6788063909774437 0.443359375 0.699953007518797 0.44140625
2 0.4483082706766917 0.5107421875 0.5054041353383458 0.501953125 0.5413533834586466 0.4873046875 0.5180921052631579 0.4765625 0.47579887218045114 0.4765625 0.4546522556390977 0.47265625 0.4461936090225564 0.466796875 0.38275375939849626 0.466796875 0.35103383458646614 0.4853515625 0.35949248120300753 0.4990234375 0.4081296992481203 0.51171875
2 0.5451127819548872 0.6892361111111112 0.5488721804511278 0.7178819444444444 0.575187969924812 0.7274305555555556 0.6015037593984962 0.7248263888888888 0.6146616541353384 0.7282986111111112 0.6127819548872181 0.71875 0.6390977443609023 0.7022569444444444 0.6691729323308271 0.6927083333333334 0.7124060150375939 0.6657986111111112 0.7086466165413534 0.6519097222222222 0.6766917293233082 0.6310763888888888 0.6766917293233082 0.6223958333333334 0.6616541353383458 0.6206597222222222 0.6296992481203008 0.625 0.6052631578947368 0.6354166666666666 0.5789473684210527 0.6519097222222222 0.5714285714285714 0.6692708333333334
1 0.07706766917293233 0.2708333333333333 0.08458646616541353 0.2821180555555556 0.08082706766917293 0.2916666666666667 0.09022556390977443 0.3003472222222222 0.07330827067669173 0.3159722222222222 0.10902255639097744 0.3159722222222222 0.12593984962406016 0.3402777777777778 0.14097744360902256 0.3125 0.20112781954887218 0.3081597222222222 0.16165413533834586 0.2942708333333333 0.16541353383458646 0.2881944444444444 0.18609022556390978 0.2795138888888889 0.18609022556390978 0.2708333333333333 0.12969924812030076 0.2855902777777778
2 0.5921052631578947 0.23958333333333334 0.5902255639097744 0.2456597222222222 0.6127819548872181 0.2621527777777778 0.6127819548872181 0.2682291666666667 0.6296992481203008 0.2760416666666667 0.6635338345864662 0.2829861111111111 0.7030075187969925 0.2829861111111111 0.7406015037593985 0.2673611111111111 0.7424812030075187 0.2630208333333333 0.7255639097744361 0.2526041666666667 0.6560150375939849 0.2361111111111111 0.6466165413533834 0.2300347222222222 0.6259398496240601 0.234375 0.599624060150376 0.2326388888888889
2 0.37593984962406013 0.5364583333333334 0.37593984962406013 0.5460069444444444 0.3684210526315789 0.5486111111111112 0.37406015037593987 0.5598958333333334 0.39285714285714285 0.5763888888888888 0.40789473684210525 0.5815972222222222 0.42857142857142855 0.5772569444444444 0.45300751879699247 0.5824652777777778 0.5338345864661654 0.578125 0.5357142857142857 0.5685763888888888 0.5 0.546875 0.4605263157894737 0.5425347222222222 0.44360902255639095 0.5373263888888888 0.4191729323308271 0.5407986111111112 0.40225563909774437 0.5329861111111112 0.38533834586466165 0.5321180555555556
2 0.5338345864661654 0.4496527777777778 0.5319548872180451 0.4548611111111111 0.5582706766917294 0.4774305555555556 0.5676691729323309 0.4939236111111111 0.5827067669172933 0.4939236111111111 0.5921052631578947 0.4861111111111111 0.5958646616541353 0.4618055555555556 0.5845864661654135 0.4453125 0.5451127819548872 0.4357638888888889
2 0.575187969924812 0.3897569444444444 0.5601503759398496 0.4079861111111111 0.5921052631578947 0.4079861111111111 0.6090225563909775 0.4045138888888889 0.6259398496240601 0.3845486111111111 0.6296992481203008 0.3654513888888889 0.6109022556390977 0.3637152777777778
2 0.5056390977443609 0.3949652777777778 0.5 0.3993055555555556 0.5037593984962406 0.4088541666666667 0.5131578947368421 0.4131944444444444 0.5319548872180451 0.4114583333333333 0.5357142857142857 0.3984375 0.5131578947368421 0.3932291666666667
2 0.16729323308270677 0.4079861111111111 0.16165413533834586 0.4192708333333333 0.19924812030075187 0.4444444444444444 0.22932330827067668 0.4496527777777778 0.231203007518797 0.4557291666666667 0.2781954887218045 0.4539930555555556 0.3007518796992481 0.4496527777777778 0.2932330827067669 0.4383680555555556 0.2650375939849624 0.4184027777777778 0.18609022556390978 0.4071180555555556
2 0.22180451127819548 0.2743055555555556 0.2199248120300752 0.2795138888888889 0.23684210526315788 0.2951388888888889 0.2575187969924812 0.2977430555555556 0.2781954887218045 0.3098958333333333 0.31390977443609025 0.3133680555555556 0.325187969924812 0.3194444444444444 0.35902255639097747 0.3237847222222222 0.38721804511278196 0.3142361111111111 0.37406015037593987 0.2907986111111111 0.33458646616541354 0.2803819444444444 0.2781954887218045 0.2725694444444444
2 0.4849624060150376 0.3307291666666667 0.4830827067669173 0.3420138888888889 0.5169172932330827 0.3845486111111111 0.5319548872180451 0.3871527777777778 0.5507518796992481 0.4001736111111111 0.5676691729323309 0.4001736111111111 0.6109022556390977 0.3619791666666667 0.6033834586466166 0.3532986111111111 0.5902255639097744 0.34375 0.5639097744360902 0.3385416666666667 0.5469924812030075 0.3255208333333333 0.5206766917293233 0.3315972222222222 0.49624060150375937 0.328125
3 0.31390977443609025 0.3897569444444444 0.31390977443609025 0.3975694444444444 0.3458646616541353 0.3923611111111111 0.37218045112781956 0.3767361111111111 0.4868421052631579 0.3255208333333333 0.5056390977443609 0.3142361111111111 0.5037593984962406 0.3081597222222222 0.5244360902255639 0.3081597222222222 0.543233082706767 0.2986111111111111 0.5338345864661654 0.296875 0.5319548872180451 0.2847222222222222 0.48120300751879697 0.2977430555555556 0.4680451127819549 0.3090277777777778 0.45112781954887216 0.3133680555555556 0.33646616541353386 0.3723958333333333 0.33458646616541354 0.3828125
2 0.7650375939849624 0.5486111111111112 0.7593984962406015 0.5642361111111112 0.7706766917293233 0.5798611111111112 0.7913533834586466 0.5807291666666666 0.8101503759398496 0.5746527777777778 0.8270676691729323 0.5598958333333334 0.8439849624060151 0.5538194444444444 0.8665413533834586 0.5295138888888888 0.8759398496240601 0.5147569444444444 0.868421052631579 0.4956597222222222 0.8458646616541353 0.4913194444444444 0.8289473684210527 0.4939236111111111 0.7988721804511278 0.5130208333333334 0.7781954887218046 0.5451388888888888
2 0.8308270676691729 0.6649305555555556 0.8364661654135338 0.6770833333333334 0.8515037593984962 0.6788194444444444 0.8609022556390977 0.6692708333333334 0.900375939849624 0.65625 0.9060150375939849 0.6449652777777778 0.8947368421052632 0.6189236111111112 0.8759398496240601 0.6223958333333334
2 0.7048872180451128 0.7092013888888888 0.7030075187969925 0.7204861111111112 0.7763157894736842 0.6953125 0.8139097744360902 0.6692708333333334 0.8101503759398496 0.65625 0.793233082706767 0.65625 0.7875939849624061 0.6614583333333334 0.7349624060150376 0.6701388888888888
2 0.8947368421052632 0.5833333333333334 0.8834586466165414 0.6006944444444444 0.9097744360902256 0.6163194444444444 0.924812030075188 0.6111111111111112 0.924812030075188 0.6024305555555556 0.9379699248120301 0.5954861111111112 0.9680451127819549 0.5590277777777778 0.9661654135338346 0.5460069444444444 0.9454887218045113 0.5520833333333334
2 0.6390977443609023 0.5477430555555556 0.6409774436090225 0.5590277777777778 0.6672932330827067 0.5590277777777778 0.6898496240601504 0.5529513888888888 0.7086466165413534 0.5381944444444444 0.7086466165413534 0.5260416666666666 0.6973684210526315 0.5173611111111112 0.6917293233082706 0.515625 0.6766917293233082 0.5208333333333334
2 0.5601503759398496 0.5138888888888888 0.5582706766917294 0.5225694444444444 0.5695488721804511 0.53125 0.5977443609022557 0.5355902777777778 0.6146616541353384 0.5329861111111112 0.6146616541353384 0.5199652777777778 0.5977443609022557 0.5121527777777778 0.5827067669172933 0.5104166666666666
3 0.3082706766917293 0.3984375 0.3026315789473684 0.4045138888888889 0.3157894736842105 0.4210069444444444 0.31390977443609025 0.4270833333333333 0.34022556390977443 0.4383680555555556 0.36654135338345867 0.4392361111111111 0.37218045112781956 0.4513888888888889 0.39285714285714285 0.4505208333333333 0.40789473684210525 0.4574652777777778 0.42293233082706766 0.4435763888888889 0.4981203007518797 0.4348958333333333 0.4981203007518797 0.4157986111111111 0.4548872180451128 0.4175347222222222 0.42857142857142855 0.4097222222222222 0.39473684210526316 0.3923611111111111 0.3815789473684211 0.3958333333333333 0.3233082706766917 0.3914930555555556
3 0.007518796992481203 0.3133680555555556 0 0.3376736111111111 0.03007518796992481 0.3888888888888889 0.08834586466165413 0.4574652777777778 0.10338345864661654 0.4670138888888889 0.11090225563909774 0.4670138888888889 0.12218045112781954 0.4609375 0.08458646616541353 0.4262152777777778 0.05451127819548872 0.3880208333333333 0.039473684210526314 0.3506944444444444 0.045112781954887216 0.3350694444444444 0.03007518796992481 0.3289930555555556 0.03007518796992481 0.3177083333333333 0.022556390977443608 0.3125
2 0.009398496240601503 0.6805555555555556 0 0.6831597222222222 0.0037593984962406013 0.7552083333333334 0.02819548872180451 0.75 0.07330827067669173 0.7526041666666666 0.10338345864661654 0.7595486111111112 0.13721804511278196 0.7586805555555556 0.20112781954887218 0.7473958333333334 0.19736842105263158 0.7361111111111112 0.18421052631578946 0.7265625 0.15601503759398497 0.7170138888888888 0.14473684210526316 0.703125 0.09022556390977443 0.6892361111111112 0.08270676691729323 0.6909722222222222 0.07894736842105263 0.6866319444444444 0.06954887218045112 0.6918402777777778 0.05263157894736842 0.6822916666666666
