0 0.4594820384294068 0.7177734375 0.4868943191311612 0.708984375 0.5143065998329156 0.6826171875 0.5169172932330827 0.6611328125 0.4947263993316625 0.64453125 0.4764515455304929 0.64453125 0.4607873851294904 0.650390625 0.44381787802840433 0.6630859375 0.4307644110275689 0.6826171875 0.4307644110275689 0.7060546875 0.4425125313283208 0.71484375 0.45556599832915623 0.71875
0 0.5221386800334169 0.5478515625 0.5338868003341688 0.546875 0.5547723475355054 0.537109375 0.5639097744360902 0.5302734375 0.5743525480367586 0.5107421875 0.5743525480367586 0.4951171875 0.5691311612364244 0.4873046875 0.5495509607351713 0.47265625 0.5338868003341688 0.466796875 0.5182226399331662 0.46875 0.4973370927318296 0.4765625 0.4829782790309106 0.4873046875 0.47253550543024225 0.5009765625 0.47253550543024225 0.5302734375 0.47775689223057644 0.5380859375 0.49994778613199664 0.548828125
0 0.4594820384294068 0.6416015625 0.4816729323308271 0.634765625 0.5064745196324144 0.6162109375 0.5090852130325815 0.5869140625 0.48950501253132833 0.57421875 0.47384085213032584 0.57421875 0.44512322472848787 0.583984375 0.42293233082706766 0.6064453125 0.4203216374269006 0.6259765625 0.4255430242272348 0.6337890625 0.4425125313283208 0.642578125
0 0.40987886382623223 0.6201171875 0.433375104427736 0.5947265625 0.44120718462823727 0.5751953125 0.4372911445279866 0.572265625 0.4242376775271512 0.5703125 0.41118421052631576 0.55859375 0.4033521303258145 0.55859375 0.387687969924812 0.564453125 0.37593984962406013 0.5751953125 0.370718462823726 0.5869140625 0.370718462823726 0.6025390625 0.38246658312447784 0.61328125 0.387687969924812 0.61328125 0.3981307435254804 0.62109375
0 0.5612990810359232 0.6396484375 0.5756578947368421 0.63671875 0.6004594820384294 0.6201171875 0.6109022556390977 0.6044921875 0.6109022556390977 0.5888671875 0.6056808688387636 0.5771484375 0.5913220551378446 0.564453125 0.5782685881370092 0.5625 0.5652151211361738 0.556640625 0.5547723475355054 0.556640625 0.5338868003341688 0.5625 0.5169172932330827 0.5751953125 0.5090852130325815 0.5888671875 0.5064745196324144 0.6083984375 0.5116959064327485 0.6240234375 0.5260547201336675 0.63671875 0.5391081871345029 0.640625
0 0.618734335839599 0.7705078125 0.6278717627401837 0.76953125 0.6383145363408521 0.763671875 0.650062656641604 0.7548828125 0.6605054302422724 0.7392578125 0.6605054302422724 0.7158203125 0.6552840434419381 0.7080078125 0.6435359231411864 0.69921875 0.6278717627401837 0.693359375 0.6043755221386801 0.6953125 0.5861006683375104 0.708984375 0.573047201336675 0.712890625 0.5665204678362573 0.7177734375 0.5665204678362573 0.7333984375 0.5795739348370927 0.7568359375 0.5887113617376776 0.763671875 0.6069862155388471 0.771484375
0 0.558688387635756 0.7158203125 0.5756578947368421 0.712890625 0.5913220551378446 0.705078125 0.6056808688387636 0.6923828125 0.6135129490392648 0.6767578125 0.6135129490392648 0.6591796875 0.6082915622389307 0.6494140625 0.5939327485380117 0.638671875 0.5861006683375104 0.63671875 0.573047201336675 0.63671875 0.5626044277360067 0.640625 0.5391081871345029 0.640625 0.527360066833751 0.6494140625 0.5169172932330827 0.6630859375 0.5143065998329156 0.6904296875 0.5195279866332498 0.7021484375 0.5469402673350042 0.716796875
0 0.39421470342522974 0.5458984375 0.40596282372598164 0.54296875 0.41248955722639935 0.5380859375 0.4203216374269006 0.5263671875 0.4177109440267335 0.5146484375 0.41118421052631576 0.509765625 0.3746345029239766 0.509765625 0.35635964912280704 0.515625 0.34461152882205515 0.5283203125 0.3472222222222222 0.5380859375 0.35635964912280704 0.544921875 0.3641917293233083 0.546875
0 0.5169172932330827 0.4697265625 0.544329573934837 0.458984375 0.5612990810359232 0.4462890625 0.5717418546365914 0.4326171875 0.5717418546365914 0.4208984375 0.5665204678362573 0.4072265625 0.5521616541353384 0.396484375 0.54171888053467 0.392578125 0.5234440267335004 0.392578125 0.48950501253132833 0.404296875 0.47253550543024225 0.4169921875 0.46209273182957394 0.4326171875 0.46209273182957394 0.4521484375 0.47384085213032584 0.46484375 0.48950501253132833 0.470703125
0 0.46209273182957394 0.4345703125 0.47514619883040937 0.4150390625 0.48950501253132833 0.404296875 0.527360066833751 0.3916015625 0.524749373433584 0.3818359375 0.5156119465329991 0.375 0.510390559732665 0.373046875 0.4712301587301587 0.373046875 0.447733918128655 0.380859375 0.4359857978279031 0.3876953125 0.4255430242272348 0.4013671875 0.4255430242272348 0.4169921875 0.43990183792815374 0.431640625 0.45295530492898917 0.435546875
0 0.4594820384294068 0.5712890625 0.48428362573099415 0.560546875 0.49603174603174605 0.5498046875 0.47514619883040937 0.5341796875 0.4712301587301587 0.50390625 0.45556599832915623 0.50390625 0.4372911445279866 0.51171875 0.4177109440267335 0.5283203125 0.40987886382623223 0.5498046875 0.41248955722639935 0.5595703125 0.4294590643274854 0.572265625
0 0.47253550543024225 0.4970703125 0.4986424394319131 0.4736328125 0.4947263993316625 0.470703125 0.4764515455304929 0.466796875 0.4673141186299081 0.4599609375 0.46209273182957394 0.4521484375 0.46209273182957394 0.4404296875 0.45295530492898917 0.4375 0.43206975772765244 0.4453125 0.4203216374269006 0.4560546875 0.41248955722639935 0.4697265625 0.41248955722639935 0.4794921875 0.4242376775271512 0.4921875 0.43990183792815374 0.498046875
0 0.44642857142857145 0.3818359375 0.45556599832915623 0.376953125 0.48428362573099415 0.37109375 0.5156119465329991 0.373046875 0.527360066833751 0.3642578125 0.527360066833751 0.3427734375 0.5221386800334169 0.3349609375 0.4973370927318296 0.32421875 0.48428362573099415 0.32421875 0.45556599832915623 0.33203125 0.4359857978279031 0.3466796875 0.42815371762740184 0.3583984375 0.42815371762740184 0.3662109375 0.433375104427736 0.3759765625 0.4425125313283208 0.3828125
0 0.40987886382623223 0.4482421875 0.42162698412698413 0.4453125 0.43859649122807015 0.4326171875 0.4255430242272348 0.4169921875 0.42293233082706766 0.4091796875 0.4255430242272348 0.3994140625 0.41901629072681706 0.396484375 0.40074143692564745 0.3984375 0.38246658312447784 0.40625 0.3681077694235589 0.4228515625 0.3681077694235589 0.4365234375 0.3772451963241437 0.4453125 0.387687969924812 0.44921875
3 0.3132832080200501 0.9990234375 0.32633667502088554 0.9794921875 0.3341687552213868 0.9580078125 0.3472222222222222 0.9404296875 0.3472222222222222 0.9345703125 0.3654970760233918 0.9072265625 0.37593984962406013 0.8818359375 0.40987886382623223 0.8193359375 0.4177109440267335 0.7861328125 0.4255430242272348 0.7724609375 0.4255430242272348 0.7646484375 0.4307644110275689 0.7568359375 0.4359857978279031 0.7373046875 0.44381787802840433 0.7255859375 0.44381787802840433 0.7177734375 0.4307644110275689 0.7080078125 0.42815371762740184 0.7021484375 0.42815371762740184 0.6865234375 0.4359857978279031 0.6689453125 0.4490392648287385 0.6572265625 0.44512322472848787 0.646484375 0.4425125313283208 0.65234375 0.4372911445279866 0.646484375 0.4307644110275689 0.6513671875 0.4203216374269006 0.6904296875 0.4151002506265664 0.6923828125 0.4046574770258981 0.7099609375 0.39421470342522974 0.7431640625 0.37855054302422725 0.7705078125 0.37593984962406013 0.7822265625 0.3576649958228906 0.8115234375 0.342000835421888 0.8525390625 0.32894736842105265 0.8720703125 0.3158939014202172 0.9013671875 0.3002297410192147 0.9208984375 0.2636800334168755 0.9853515625 0.2636800334168755 0.9912109375 0.2728174603174603 0.9921875 0.2754281537176274 1
3 0.013053467000835421 0.9990234375 0.01827485380116959 0.9931640625 0.023496240601503758 0.9716796875 0.033939014202172095 0.9638671875 0.03132832080200501 0.9599609375 0.033939014202172095 0.9560546875 0.03132832080200501 0.9541015625 0.03132832080200501 0.9365234375 0.039160401002506263 0.9267578125 0.04438178780284043 0.8994140625 0.0496031746031746 0.8916015625 0.0496031746031746 0.8818359375 0.05482456140350877 0.8740234375 0.06004594820384294 0.8544921875 0.06526733500417711 0.8486328125 0.07309941520467836 0.8173828125 0.08093149540517962 0.8076171875 0.08615288220551379 0.7919921875 0.10181704260651629 0.7705078125 0.10181704260651629 0.7666015625 0.10703842940685046 0.7626953125 0.1174812030075188 0.7431640625 0.1514202172096909 0.7060546875 0.1514202172096909 0.7021484375 0.21407685881370092 0.6240234375 0.2689014202172097 0.5673828125 0.31067251461988304 0.5361328125 0.3158939014202172 0.5087890625 0.32894736842105265 0.4833984375 0.3315580618212197 0.4716796875 0.342000835421888 0.4560546875 0.34461152882205515 0.4404296875 0.3524436090225564 0.4267578125 0.3681077694235589 0.3544921875 0.37855054302422725 0.3408203125 0.37855054302422725 0.3369140625 0.3863826232247285 0.3310546875 0.38899331662489556 0.3212890625 0.38507727652464496 0.3125 0.37332915622389307 0.3115234375 0.37202380952380953 0.3046875 0.36158103592314117 0.30859375 0.3589703425229741 0.306640625 0.3472222222222222 0.3154296875 0.3472222222222222 0.3193359375 0.3341687552213868 0.3349609375 0.32111528822055135 0.3779296875 0.32111528822055135 0.3935546875 0.3158939014202172 0.4033203125 0.3158939014202172 0.4111328125 0.3028404344193818 0.4365234375 0.2976190476190476 0.4404296875 0.28978696741854637 0.4619140625 0.279344193817878 0.4736328125 0.2689014202172097 0.4990234375 0.25845864661654133 0.5126953125 0.2506265664160401 0.5302734375 0.185359231411863 0.5908203125 0.16316833751044277 0.607421875 0.15011487050960734 0.611328125 0.13836675020885547 0.6220703125 0.1174812030075188 0.6552734375 0.11225981620718463 0.6591796875 0.11225981620718463 0.6630859375 0.10442773600668337 0.6689453125 0.05482456140350877 0.7333984375 0.03132832080200501 0.7724609375 0.01827485380116959 0.7861328125 0.015664160401002505 0.7939453125 0 0.8076171875 0.0026106934001670842 0.8095703125 0 0.8115234375 0.0026106934001670842 0.8154296875 0.0026106934001670842 0.8466796875 0.0052213868003341685 0.8486328125 0.0026106934001670842 0.8525390625 0.0052213868003341685 0.8583984375 0 0.8681640625 0 0.8857421875 0.0026106934001670842 0.8876953125 0.0026106934001670842 0.9951171875 0.006526733500417711 1
