2 0.384012539184953 0.64765625 0.3928944618599791 0.642578125 0.3897596656217346 0.635546875 0.39759665621734586 0.634375 0.40752351097178685 0.626953125 0.3955067920585162 0.6140625 0.38557993730407525 0.612109375 0.3672936259143156 0.5890625 0.35841170323928945 0.594140625 0.3505747126436782 0.60859375 0.3349007314524556 0.6015625 0.30250783699059564 0.60234375 0.2716823406478579 0.622265625 0.28213166144200624 0.637109375 0.3014629049111808 0.64765625 0.34691745036572624 0.651953125 0.35893416927899685 0.6484375
2 0.3552769070010449 0.8291015625 0.3905433646812957 0.81640625 0.4036050156739812 0.8046875 0.41405433646812956 0.8046875 0.4258098223615465 0.7998046875 0.4231974921630094 0.7802734375 0.4179728317659352 0.7724609375 0.4114420062695925 0.767578125 0.3879310344827586 0.76953125 0.38009404388714735 0.763671875 0.36442006269592475 0.763671875 0.3513584117032393 0.7578125 0.3409090909090909 0.748046875 0.32262277951933127 0.744140625 0.28605015673981193 0.744140625 0.2547021943573668 0.751953125 0.2612330198537095 0.7783203125 0.29780564263322884 0.8056640625 0.3004179728317659 0.8134765625 0.33045977011494254 0.822265625 0.343521421107628 0.8203125 0.34743991640543365 0.8271484375
2 0.30303030303030304 0.4697265625 0.3343782654127482 0.4384765625 0.3343782654127482 0.4228515625 0.34221525600835945 0.4150390625 0.35266457680250785 0.3935546875 0.36311389759665624 0.3857421875 0.3605015673981191 0.3759765625 0.3683385579937304 0.3564453125 0.3487460815047022 0.3359375 0.3409090909090909 0.3359375 0.32001044932079414 0.322265625 0.31347962382445144 0.3251953125 0.3121734587251829 0.333984375 0.2991118077324974 0.333984375 0.2912748171368861 0.34375 0.2782131661442006 0.345703125 0.2690700104493208 0.3525390625 0.25862068965517243 0.3740234375 0.25862068965517243 0.3857421875 0.2690700104493208 0.3916015625 0.2612330198537095 0.4208984375 0.2664576802507837 0.4345703125 0.28213166144200624 0.4501953125 0.29258098223615464 0.4697265625
2 0.5715778474399164 0.371875 0.567398119122257 0.3765625 0.5715778474399164 0.3921875 0.5966562173458725 0.409375 0.6165099268547545 0.41171875 0.6269592476489029 0.41796875 0.644723092998955 0.41484375 0.6541274817136886 0.40859375 0.6509926854754441 0.40390625 0.6603970741901777 0.37265625 0.6280041797283177 0.35703125 0.5987460815047022 0.359375
2 0.8140020898641588 0.390625 0.8087774294670846 0.396875 0.8119122257053292 0.415625 0.8213166144200627 0.4265625 0.8380355276907001 0.43671875 0.8620689655172413 0.446875 0.877742946708464 0.44765625 0.9070010449320794 0.4578125 0.9341692789968652 0.4609375 0.9435736677115988 0.45859375 0.9258098223615465 0.43125 0.8840125391849529 0.39609375 0.8526645768025078 0.390625 0.8422152560083594 0.39375 0.8296760710553814 0.38828125
2 0.6990595611285266 0.346875 0.7021943573667712 0.36484375 0.7136886102403344 0.3734375 0.7408568443051202 0.38359375 0.7533960292580982 0.39609375 0.7659352142110762 0.3984375 0.7732497387669801 0.39609375 0.7910135841170324 0.38046875 0.7951933124346917 0.36015625 0.7889237199582028 0.34921875 0.7701149425287356 0.33671875 0.7324973876698014 0.34609375 0.7011494252873564 0.34453125
2 0.38035527690700105 0.3140625 0.3834900731452456 0.31796875 0.3793103448275862 0.3234375 0.3897596656217346 0.3296875 0.3897596656217346 0.33515625 0.4148380355276907 0.34140625 0.4660397074190178 0.33046875 0.4754440961337513 0.32578125 0.47335423197492166 0.32265625 0.4587251828631139 0.31953125 0.47126436781609193 0.29921875 0.4440961337513062 0.28984375 0.4336468129571578 0.290625 0.42528735632183906 0.29609375 0.400208986415883 0.29921875 0.3876698014629049 0.31328125
2 0.24033437826541273 0.2765625 0.24033437826541273 0.28046875 0.27377220480668757 0.29609375 0.29153605015673983 0.29765625 0.3239289446185998 0.309375 0.3375130616509927 0.31015625 0.3500522466039707 0.30078125 0.3448275862068966 0.2859375 0.31452455590386624 0.271875 0.2831765935214211 0.2703125 0.2664576802507837 0.2734375 0.258098223615465 0.27109375
2 0.48589341692789967 0.21875 0.48484848484848486 0.22421875 0.5015673981191222 0.2578125 0.5370950888192267 0.215625 0.5287356321839081 0.21015625 0.5005224660397074 0.21484375 0.49843260188087773 0.2125 0.5005224660397074 0.21640625
2 0.42737722048066873 0.16015625 0.4231974921630094 0.1609375 0.42528735632183906 0.16875 0.438871473354232 0.171875 0.44932079414838033 0.18046875 0.45454545454545453 0.209375 0.47648902821316613 0.2046875 0.48589341692789967 0.19375 0.48171368861024033 0.18203125 0.45454545454545453 0.16328125
2 0.49320794148380354 0.23125 0.49738766980146293 0.24921875 0.5015673981191222 0.24765625 0.5005224660397074 0.23515625
2 0.19540229885057472 0.25078125 0.1891327063740857 0.25546875 0.26750261233019856 0.25625 0.28631138975966564 0.25234375 0.2884012539184953 0.2484375 0.30094043887147337 0.24453125 0.30094043887147337 0.234375 0.296760710553814 0.22734375 0.28735632183908044 0.225 0.2445141065830721 0.228125 0.2225705329153605 0.23515625
1 0.5506792058516197 0.47265625 0.5496342737722049 0.478125 0.5559038662486938 0.48828125 0.5841170323928945 0.5109375 0.593521421107628 0.51171875 0.5977011494252874 0.50703125 0.5977011494252874 0.496875 0.6144200626959248 0.4859375 0.6175548589341693 0.46484375 0.6112852664576802 0.45703125 0.5987460815047022 0.45546875 0.5830721003134797 0.4625 0.567398119122257 0.4578125
2 0.9122257053291536 0.54765625 0.9080459770114943 0.54765625 0.9080459770114943 0.553125 0.9143155694879833 0.56640625 0.9425287356321839 0.59609375 0.955067920585162 0.60546875 0.96760710553814 0.6015625 0.9843260188087775 0.60703125 0.9864158829676071 0.61171875 0.9989550679205852 0.6140625 0.9989550679205852 0.584375 0.9592476489028213 0.56171875
2 0.9268547544409613 0.20859375 0.9184952978056427 0.2203125 0.9268547544409613 0.23828125 0.9435736677115988 0.2484375 0.9655172413793104 0.25078125 0.9696969696969697 0.25625 0.9937304075235109 0.26484375 0.9989550679205852 0.26328125 0.9989550679205852 0.21484375 0.9937304075235109 0.209375 0.9947753396029259 0.20078125 0.9707419017763845 0.1953125 0.9529780564263323 0.20390625 0.9393939393939394 0.2078125 0.93521421107628 0.2046875
2 0.7178683385579937 0.25703125 0.7042842215256009 0.2671875 0.7053291536050157 0.27578125 0.7168234064785789 0.2875 0.768025078369906 0.3 0.8014629049111808 0.2984375 0.8077324973876698 0.2953125 0.799373040752351 0.27578125 0.7638453500522466 0.253125 0.741901776384535 0.24921875
2 0.7283176593521421 0.4625 0.7283176593521421 0.48984375 0.7450365726227796 0.5125 0.7471264367816092 0.5328125 0.7910135841170324 0.5375 0.7962382445141066 0.5296875 0.8025078369905956 0.4859375 0.7951933124346917 0.465625 0.786833855799373 0.4625 0.7784743991640544 0.45078125 0.7701149425287356 0.446875 0.7513061650992685 0.45
2 0.3782654127481714 0.8765625 0.36886102403343785 0.884375 0.36886102403343785 0.88828125 0.3887147335423197 0.9046875 0.3897596656217346 0.91171875 0.3834900731452456 0.915625 0.38557993730407525 0.925 0.40856844305120166 0.940625 0.4179728317659352 0.9375 0.4231974921630094 0.93984375 0.45245559038662486 0.9375 0.46812957157784746 0.94140625 0.4702194357366771 0.94453125 0.48171368861024033 0.94375 0.48589341692789967 0.94765625 0.4942528735632184 0.94765625 0.5036572622779519 0.94296875 0.5078369905956113 0.93046875 0.5350052246603971 0.92734375 0.5381400208986415 0.91328125 0.5496342737722049 0.9078125 0.54858934169279 0.9046875 0.5444096133751306 0.90703125 0.5339602925809822 0.9 0.5235109717868338 0.8765625 0.5172413793103449 0.87421875 0.477533960292581 0.87734375 0.4054336468129572 0.8765625 0.38662486938349006 0.87265625
2 0.23197492163009403 0.68515625 0.23197492163009403 0.70703125 0.23719958202716823 0.72265625 0.2445141065830721 0.72578125 0.26750261233019856 0.71484375 0.27899686520376177 0.69453125 0.3051201671891327 0.67734375 0.30825496342737724 0.66875 0.29571577847439917 0.6546875 0.26436781609195403 0.65390625 0.26227795193312436 0.65859375 0.2476489028213166 0.665625
2 0.741901776384535 0.78671875 0.7387669801462905 0.79765625 0.7241379310344828 0.80703125 0.7251828631138976 0.8265625 0.7439916405433646 0.8421875 0.780564263322884 0.846875 0.8025078369905956 0.83203125 0.8171368861024033 0.8265625 0.8254963427377221 0.81640625 0.8234064785788924 0.8046875 0.7857889237199582 0.7765625 0.7669801462904912 0.778125
2 0.6948798328108673 0.3234375 0.6948798328108673 0.3359375 0.7189132706374086 0.3453125 0.7628004179728317 0.33828125 0.7711598746081505 0.33125 0.7690700104493208 0.32734375 0.7565308254963428 0.32421875 0.7398119122257053 0.30859375 0.7074190177638453 0.31015625
