2 0.4440789473684211 0.6533203125 0.46734022556390975 0.646484375 0.49271616541353386 0.646484375 0.5286654135338346 0.6318359375 0.549812030075188 0.6044921875 0.5350093984962406 0.595703125 0.5138627819548872 0.59375 0.4292763157894737 0.6171875 0.36583646616541354 0.6171875 0.3298872180451128 0.6259765625 0.3362312030075188 0.630859375 0.36583646616541354 0.6328125 0.38275375939849626 0.638671875 0.4039003759398496 0.640625 0.4292763157894737 0.654296875
2 0.4948308270676692 0.6943359375 0.5180921052631579 0.6875 0.5307800751879699 0.6875 0.537124060150376 0.6787109375 0.5519266917293233 0.671875 0.575187969924812 0.6708984375 0.575187969924812 0.6669921875 0.5963345864661654 0.6591796875 0.5857612781954887 0.6484375 0.5350093984962406 0.640625 0.5054041353383458 0.6484375 0.4546522556390977 0.650390625 0.4483082706766917 0.6533203125 0.4356203007518797 0.6689453125 0.42293233082706766 0.6728515625 0.42293233082706766 0.6806640625 0.4588815789473684 0.693359375
2 0.7020676691729323 0.6025390625 0.7168703007518797 0.595703125 0.7633928571428571 0.587890625 0.7739661654135338 0.5830078125 0.7697368421052632 0.5771484375 0.712640977443609 0.556640625 0.6703477443609023 0.556640625 0.6238251879699248 0.55078125 0.5921052631578947 0.5673828125 0.5921052631578947 0.5751953125 0.6322838345864662 0.59765625 0.6534304511278195 0.6015625 0.6830357142857143 0.59765625
2 0.4694548872180451 0.5771484375 0.48848684210526316 0.572265625 0.5054041353383458 0.572265625 0.5159774436090225 0.5673828125 0.5159774436090225 0.5478515625 0.4948308270676692 0.5322265625 0.48002819548872183 0.525390625 0.4461936090225564 0.525390625 0.3954417293233083 0.533203125 0.37218045112781956 0.5537109375 0.4504229323308271 0.578125
2 0.6343984962406015 0.6630859375 0.6407424812030075 0.65625 0.6745770676691729 0.658203125 0.7105263157894737 0.6533203125 0.706296992481203 0.6455078125 0.7274436090225563 0.6318359375 0.7274436090225563 0.6201171875 0.7401315789473685 0.6103515625 0.7337875939849624 0.607421875 0.6872650375939849 0.61328125 0.6661184210526315 0.60546875 0.6111372180451128 0.60546875 0.5794172932330827 0.6123046875 0.5709586466165414 0.6240234375 0.5709586466165414 0.6396484375 0.587875939849624 0.6435546875 0.6111372180451128 0.662109375
2 0.1649436090225564 0.5009765625 0.2262687969924812 0.4921875 0.25164473684210525 0.4921875 0.287593984962406 0.4775390625 0.293937969924812 0.470703125 0.31085526315789475 0.474609375 0.32142857142857145 0.4697265625 0.32142857142857145 0.4599609375 0.30239661654135336 0.451171875 0.28125 0.451171875 0.2791353383458647 0.4462890625 0.25164473684210525 0.435546875 0.21358082706766918 0.43359375 0.21146616541353383 0.4384765625 0.2199248120300752 0.4423828125 0.21358082706766918 0.4453125 0.16282894736842105 0.453125 0.143796992481203 0.4619140625 0.1099624060150376 0.4951171875 0.11207706766917293 0.5 0.12899436090225563 0.501953125
2 0.2199248120300752 0.3333333333333333 0.2199248120300752 0.3411458333333333 0.24812030075187969 0.3446180555555556 0.2462406015037594 0.3489583333333333 0.30639097744360905 0.3532986111111111 0.32706766917293234 0.3454861111111111 0.37218045112781956 0.3376736111111111 0.3890977443609023 0.3263888888888889 0.3890977443609023 0.3194444444444444 0.37593984962406013 0.3125 0.32894736842105265 0.3046875 0.3026315789473684 0.3046875 0.25375939849624063 0.3142361111111111
2 0.36654135338345867 0.3611111111111111 0.3684210526315789 0.3845486111111111 0.42293233082706766 0.3932291666666667 0.4718045112781955 0.3897569444444444 0.4868421052631579 0.3845486111111111 0.49624060150375937 0.3854166666666667 0.5018796992481203 0.3932291666666667 0.5770676691729323 0.3680555555555556 0.575187969924812 0.3619791666666667 0.5639097744360902 0.3585069444444444 0.47368421052631576 0.3454861111111111 0.4191729323308271 0.3489583333333333 0.40789473684210525 0.3524305555555556 0.39473684210526316 0.3472222222222222 0.37406015037593987 0.3541666666666667
2 0.06390977443609022 0.3767361111111111 0.06390977443609022 0.3897569444444444 0.07330827067669173 0.3923611111111111 0.08270676691729323 0.390625 0.14285714285714285 0.3984375 0.18421052631578946 0.3958333333333333 0.19548872180451127 0.4010416666666667 0.21804511278195488 0.4010416666666667 0.23684210526315788 0.3967013888888889 0.2575187969924812 0.3993055555555556 0.31203007518796994 0.3888888888888889 0.3101503759398496 0.3828125 0.2894736842105263 0.3793402777777778 0.2857142857142857 0.3663194444444444 0.24812030075187969 0.3645833333333333 0.2236842105263158 0.3559027777777778 0.10526315789473684 0.3645833333333333 0.07894736842105263 0.3758680555555556
2 0.7556390977443609 0.3949652777777778 0.7744360902255639 0.421875 0.7744360902255639 0.4427083333333333 0.7988721804511278 0.4505208333333333 0.8101503759398496 0.4470486111111111 0.8402255639097744 0.4166666666666667 0.8233082706766918 0.4045138888888889 0.8308270676691729 0.3767361111111111 0.7857142857142857 0.3758680555555556 0.768796992481203 0.3828125
2 0.6296992481203008 0.4305555555555556 0.6296992481203008 0.4626736111111111 0.6409774436090225 0.4670138888888889 0.6729323308270677 0.4583333333333333 0.6710526315789473 0.4479166666666667 0.6879699248120301 0.4453125 0.693609022556391 0.4401041666666667 0.6917293233082706 0.4227430555555556 0.6654135338345865 0.3975694444444444 0.6466165413533834 0.4071180555555556
3 0.39097744360902253 0.5008680555555556 0.3966165413533835 0.5121527777777778 0.4492481203007519 0.5182291666666666 0.4924812030075188 0.5286458333333334 0.5075187969924813 0.5373263888888888 0.5469924812030075 0.5225694444444444 0.5921052631578947 0.5243055555555556 0.6090225563909775 0.5121527777777778 0.6052631578947368 0.4991319444444444 0.6109022556390977 0.4887152777777778 0.5939849624060151 0.4809027777777778 0.5958646616541353 0.4748263888888889 0.556390977443609 0.4722222222222222 0.5413533834586466 0.4600694444444444 0.543233082706767 0.4505208333333333 0.5375939849624061 0.4479166666666667 0.5150375939849624 0.4505208333333333 0.5206766917293233 0.4557291666666667 0.5018796992481203 0.4626736111111111 0.43796992481203006 0.453125 0.4342105263157895 0.4756944444444444 0.4398496240601504 0.4835069444444444 0.40977443609022557 0.4913194444444444
2 0.6898496240601504 0.421875 0.7011278195488722 0.4505208333333333 0.6823308270676691 0.4548611111111111 0.6842105263157895 0.4713541666666667 0.7274436090225563 0.4895833333333333 0.7800751879699248 0.4635416666666667 0.7725563909774437 0.4322916666666667 0.7857142857142857 0.4079861111111111 0.7575187969924813 0.3975694444444444 0.7349624060150376 0.3828125 0.7030075187969925 0.3993055555555556
2 0.2199248120300752 0.5173611111111112 0.22180451127819548 0.5225694444444444 0.2462406015037594 0.5217013888888888 0.2631578947368421 0.5251736111111112 0.3082706766917293 0.5225694444444444 0.32894736842105265 0.5138888888888888 0.32894736842105265 0.4973958333333333 0.31203007518796994 0.4913194444444444 0.29135338345864664 0.4895833333333333 0.26127819548872183 0.4930555555555556 0.24060150375939848 0.4991319444444444
