2 0.32125 0.50375 0.3303125 0.49916666666666665 0.3409375 0.5008333333333334 0.3465625 0.495 0.3640625 0.4866666666666667 0.3721875 0.4891666666666667 0.3759375 0.4866666666666667 0.3871875 0.47 0.3971875 0.4633333333333333 0.414375 0.44375 0.404375 0.43375 0.40375 0.42875 0.410625 0.42291666666666666 0.4065625 0.41833333333333333 0.4003125 0.4175 0.3784375 0.42833333333333334 0.3603125 0.43166666666666664 0.3565625 0.43666666666666665 0.3328125 0.435 0.3284375 0.44083333333333335 0.3203125 0.4425 0.315 0.45375 0.314375 0.46958333333333335 0.3096875 0.4741666666666667 0.2978125 0.4766666666666667 0.294375 0.4820833333333333 0.29375 0.49125 0.3028125 0.5
2 0.4423828125 0.3854166666666667 0.44140625 0.41796875 0.443359375 0.4231770833333333 0.4501953125 0.4322916666666667 0.4794921875 0.4348958333333333 0.4892578125 0.4322916666666667 0.4970703125 0.421875 0.5029296875 0.4192708333333333 0.5078125 0.41015625 0.5078125 0.40234375 0.5146484375 0.3932291666666667 0.521484375 0.3893229166666667 0.5234375 0.37890625 0.5107421875 0.3671875 0.4970703125 0.3671875 0.4853515625 0.3802083333333333 0.4736328125 0.3802083333333333 0.4580078125 0.3697916666666667 0.4482421875 0.3828125
2 0.400390625 0.56640625 0.400390625 0.5716145833333334 0.404296875 0.5768229166666666 0.404296875 0.5872395833333334 0.40234375 0.5950520833333334 0.388671875 0.6184895833333334 0.388671875 0.6315104166666666 0.39453125 0.6393229166666666 0.3955078125 0.6458333333333334 0.4287109375 0.6197916666666666 0.4345703125 0.6067708333333334 0.4404296875 0.6041666666666666 0.4462890625 0.5963541666666666 0.4541015625 0.59375 0.4638671875 0.5755208333333334 0.4716796875 0.5729166666666666 0.4765625 0.5638020833333334 0.4765625 0.5533854166666666 0.484375 0.5377604166666666 0.484375 0.5299479166666666 0.4814453125 0.5260416666666666 0.4736328125 0.5260416666666666 0.4580078125 0.5416666666666666 0.4501953125 0.53125 0.4423828125 0.5364583333333334 0.4189453125 0.5390625
2 0.494140625 0.50390625 0.4921875 0.51953125 0.498046875 0.52734375 0.498046875 0.53515625 0.5107421875 0.5364583333333334 0.5361328125 0.5234375 0.5419921875 0.5234375 0.5556640625 0.5104166666666666 0.5751953125 0.5130208333333334 0.583984375 0.4986979166666667 0.587890625 0.4752604166666667 0.5849609375 0.4713541666666667 0.5771484375 0.4713541666666667 0.5673828125 0.4661458333333333 0.5361328125 0.4661458333333333 0.5107421875 0.4869791666666667 0.5029296875 0.4895833333333333
3 0.3671875 0.90234375 0.365234375 0.9153645833333334 0.3720703125 0.9270833333333334 0.3759765625 0.9270833333333334 0.38671875 0.9153645833333334 0.390625 0.8997395833333334 0.400390625 0.8841145833333334 0.4140625 0.8502604166666666 0.439453125 0.8138020833333334 0.443359375 0.8033854166666666 0.4951171875 0.7317708333333334 0.5283203125 0.7109375 0.5478515625 0.6901041666666666 0.5595703125 0.6848958333333334 0.5654296875 0.6770833333333334 0.5693359375 0.6770833333333334 0.5751953125 0.6692708333333334 0.5849609375 0.6640625 0.59375 0.6549479166666666 0.595703125 0.6471354166666666 0.5888671875 0.6458333333333334 0.587890625 0.6393229166666666 0.5830078125 0.6380208333333334 0.5751953125 0.6484375 0.5712890625 0.6484375 0.5498046875 0.6640625 0.5439453125 0.671875 0.5185546875 0.6848958333333334 0.5068359375 0.6979166666666666 0.4990234375 0.7005208333333334 0.4892578125 0.7109375 0.4755859375 0.71875 0.453125 0.7486979166666666 0.408203125 0.8190104166666666 0.37890625 0.8736979166666666
3 0.62890625 0.5091145833333334 0.623046875 0.54296875 0.603515625 0.5950520833333334 0.583984375 0.63671875 0.5888671875 0.6458333333333334 0.5966796875 0.6458333333333334 0.599609375 0.6419270833333334 0.611328125 0.6080729166666666 0.6328125 0.5638020833333334 0.63671875 0.5533854166666666 0.6328125 0.5481770833333334 0.63671875 0.54296875 0.640625 0.51953125 0.65234375 0.4986979166666667 0.65625 0.48046875 0.6435546875 0.4791666666666667 0.640625 0.4934895833333333
2 0.45703125 0.6393229166666666 0.453125 0.6731770833333334 0.458984375 0.6809895833333334 0.447265625 0.6940104166666666 0.443359375 0.7122395833333334 0.4482421875 0.71875 0.4814453125 0.7161458333333334 0.4912109375 0.7083333333333334 0.498046875 0.69921875 0.5 0.69140625 0.509765625 0.6809895833333334 0.51171875 0.6653645833333334 0.517578125 0.6575520833333334 0.517578125 0.65234375 0.51171875 0.64453125 0.513671875 0.63671875 0.5009765625 0.6223958333333334 0.4814453125 0.6197916666666666 0.4677734375 0.6276041666666666
2 0.73828125 0.3528645833333333 0.73828125 0.36328125 0.734375 0.3763020833333333 0.7353515625 0.3828125 0.74609375 0.37109375 0.748046875 0.36328125 0.763671875 0.33984375 0.77734375 0.3059895833333333 0.7705078125 0.3020833333333333 0.7490234375 0.3203125
2 0.6796875 0.37890625 0.677734375 0.3919270833333333 0.6806640625 0.3958333333333333 0.6884765625 0.3958333333333333 0.6943359375 0.4036458333333333 0.7158203125 0.4010416666666667 0.72265625 0.3815104166666667 0.73046875 0.3372395833333333 0.7275390625 0.3359375 0.7099609375 0.3567708333333333 0.6865234375 0.3697916666666667
2 0.609375 0.3424479166666667 0.607421875 0.34765625 0.609375 0.35546875 0.6220703125 0.3723958333333333 0.6298828125 0.3723958333333333 0.638671875 0.3658854166666667 0.65234375 0.3346354166666667 0.65234375 0.3268229166666667 0.6455078125 0.3151041666666667 0.6357421875 0.3177083333333333 0.6220703125 0.3255208333333333
