2 0.6842105263157895 0.5594618055555556 0.7208646616541353 0.5555555555555556 0.7453007518796992 0.5460069444444444 0.756578947368421 0.5494791666666666 0.7951127819548872 0.5334201388888888 0.8045112781954887 0.5134548611111112 0.7913533834586466 0.5056423611111112 0.7969924812030075 0.5013020833333334 0.7922932330827067 0.4904513888888889 0.7612781954887218 0.4978298611111111 0.7142857142857143 0.5325520833333334 0.6729323308270677 0.5525173611111112 0.6691729323308271 0.55859375
2 0.8665413533834586 0.6575520833333334 0.9097744360902256 0.6063368055555556 0.9172932330827067 0.5855034722222222 0.9097744360902256 0.56640625 0.9229323308270677 0.5594618055555556 0.9060150375939849 0.5490451388888888 0.9135338345864662 0.5421006944444444 0.9097744360902256 0.5368923611111112 0.8693609022556391 0.5234375 0.8468045112781954 0.5217013888888888 0.8101503759398496 0.5360243055555556 0.7800751879699248 0.5690104166666666 0.7857142857142857 0.5881076388888888 0.8045112781954887 0.60546875 0.8233082706766918 0.61328125
2 0.2706766917293233 0.5439453125 0.26644736842105265 0.5537109375 0.28125 0.5546875 0.31085526315789475 0.546875 0.3869830827067669 0.541015625 0.4081296992481203 0.53125 0.4292763157894737 0.53515625 0.4398496240601504 0.5185546875 0.42293233082706766 0.4951171875 0.4081296992481203 0.48828125 0.35737781954887216 0.484375 0.35103383458646614 0.4873046875 0.35526315789473684 0.4951171875 0.3320018796992481 0.498046875 0.30451127819548873 0.5126953125
2 0.7866541353383458 0.4208984375 0.7612781954887218 0.4345703125 0.7612781954887218 0.4501953125 0.7676221804511278 0.453125 0.7887687969924813 0.453125 0.8056860902255639 0.4609375 0.8395206766917294 0.4609375 0.856437969924812 0.455078125 0.8775845864661654 0.455078125 0.9093045112781954 0.4404296875 0.9219924812030075 0.4287109375 0.9219924812030075 0.4248046875 0.8945018796992481 0.41796875 0.8860432330827067 0.412109375 0.84375 0.41796875 0.8268327067669173 0.412109375 0.8141447368421053 0.41796875
2 0.7612781954887218 0.4345703125 0.7570488721804511 0.4443359375 0.7676221804511278 0.453125 0.7887687969924813 0.453125 0.8056860902255639 0.4609375 0.8395206766917294 0.4609375 0.856437969924812 0.455078125 0.8775845864661654 0.455078125 0.9093045112781954 0.4404296875 0.9219924812030075 0.4267578125 0.8860432330827067 0.412109375 0.84375 0.41796875 0.8268327067669173 0.412109375 0.8141447368421053 0.41796875 0.7887687969924813 0.419921875
2 0.8289473684210527 0.4853515625 0.8247180451127819 0.4951171875 0.8331766917293233 0.4990234375 0.8331766917293233 0.5068359375 0.8818139097744361 0.525390625 0.9071898496240601 0.5234375 0.9156484962406015 0.529296875 0.9325657894736842 0.529296875 0.9981203007518797 0.5068359375 0.9981203007518797 0.4990234375 0.987546992481203 0.494140625 0.9664003759398496 0.4921875 0.9283364661654135 0.478515625 0.8860432330827067 0.4765625 0.8775845864661654 0.46875 0.8522086466165414 0.474609375
2 0.5455827067669173 0.3642578125 0.5413533834586466 0.3798828125 0.549812030075188 0.3916015625 0.5730733082706767 0.39453125 0.5984492481203008 0.388671875 0.6047932330827067 0.3857421875 0.6005639097744361 0.3798828125 0.6217105263157895 0.3642578125 0.6217105263157895 0.3310546875 0.6111372180451128 0.330078125 0.5942199248120301 0.3359375
2 0.46099624060150374 0.3193359375 0.4567669172932331 0.3466796875 0.46522556390977443 0.3642578125 0.47579887218045114 0.3671875 0.49271616541353386 0.357421875 0.5223214285714286 0.3515625 0.537124060150376 0.3447265625 0.5413533834586466 0.3369140625 0.5625 0.3271484375 0.5625 0.3095703125 0.5476973684210527 0.30078125 0.5350093984962406 0.298828125 0.48848684210526316 0.306640625 0.47791353383458646 0.3173828125
2 0.37640977443609025 0.3876953125 0.3468045112781955 0.4072265625 0.35737781954887216 0.458984375 0.36583646616541354 0.458984375 0.42716165413533835 0.4287109375 0.4440789473684211 0.4013671875 0.4440789473684211 0.3857421875 0.43350563909774437 0.380859375
2 0.7105263157894737 0.4052734375 0.7147556390977443 0.4130859375 0.7020676691729323 0.4267578125 0.7084116541353384 0.4296875 0.7549342105263158 0.427734375 0.7993421052631579 0.4130859375 0.8204887218045113 0.3857421875 0.7591635338345865 0.38671875 0.7295582706766918 0.392578125
2 0.30451127819548873 0.2998046875 0.287593984962406 0.3134765625 0.29605263157894735 0.3291015625 0.32777255639097747 0.345703125 0.3531484962406015 0.34765625 0.3848684210526316 0.3212890625 0.3848684210526316 0.3037109375 0.3362312030075188 0.28125
