2 0.3515625 0.6162109375 0.3411458333333333 0.6337890625 0.3424479166666667 0.638671875 0.4153645833333333 0.62890625 0.44921875 0.6171875 0.45703125 0.611328125 0.4700520833333333 0.615234375 0.4869791666666667 0.6044921875 0.5026041666666666 0.5888671875 0.5026041666666666 0.5712890625 0.4856770833333333 0.55859375 0.4361979166666667 0.5546875 0.4283854166666667 0.560546875 0.41015625 0.564453125 0.40234375 0.572265625 0.3919270833333333 0.57421875 0.3723958333333333 0.5888671875
2 0.5546875 0.6103515625 0.5494791666666666 0.6259765625 0.5846354166666666 0.634765625 0.62109375 0.6328125 0.6393229166666666 0.623046875 0.6614583333333334 0.6162109375 0.6549479166666666 0.609375 0.64453125 0.60546875 0.60546875 0.595703125 0.58984375 0.599609375 0.5794270833333334 0.595703125 0.5611979166666666 0.603515625
2 0.4309895833333333 0.626953125 0.40625 0.6455078125 0.4075520833333333 0.650390625 0.4440104166666667 0.65625 0.5013020833333334 0.65234375 0.5234375 0.6357421875 0.5234375 0.6298828125 0.51171875 0.619140625 0.4908854166666667 0.61328125 0.4544270833333333 0.6171875
2 0.5611979166666666 0.529296875 0.546875 0.5400390625 0.546875 0.5517578125 0.5546875 0.5634765625 0.57421875 0.57421875 0.5846354166666666 0.5703125 0.59765625 0.57421875 0.6236979166666666 0.57421875 0.6302083333333334 0.5673828125 0.6302083333333334 0.5595703125 0.6393229166666666 0.552734375 0.66796875 0.544921875 0.6927083333333334 0.5302734375 0.6888020833333334 0.525390625 0.6705729166666666 0.517578125 0.6393229166666666 0.5078125 0.5950520833333334 0.509765625
2 0.5182291666666666 0.4736328125 0.515625 0.4931640625 0.53515625 0.5078125 0.58984375 0.509765625 0.6002604166666666 0.5 0.6106770833333334 0.498046875 0.62109375 0.48828125 0.6302083333333334 0.4853515625 0.6263020833333334 0.4765625 0.5872395833333334 0.455078125 0.57421875 0.451171875 0.5403645833333334 0.45703125
2 0.19921875 0.703125 0.1953125 0.7060546875 0.20703125 0.71484375 0.2513020833333333 0.73046875 0.28515625 0.734375 0.3190104166666667 0.732421875 0.33203125 0.736328125 0.3736979166666667 0.73046875 0.3919270833333333 0.73828125 0.4075520833333333 0.740234375 0.4244791666666667 0.7353515625 0.4375 0.7197265625 0.4401041666666667 0.7060546875 0.4231770833333333 0.689453125 0.4049479166666667 0.68359375 0.3684895833333333 0.68359375 0.3606770833333333 0.6875 0.3424479166666667 0.68359375 0.3190104166666667 0.68359375 0.2955729166666667 0.6875 0.2591145833333333 0.701171875 0.20963541666666666 0.705078125
2 0.6119791666666666 0.6591796875 0.609375 0.6689453125 0.6145833333333334 0.6767578125 0.6354166666666666 0.6923828125 0.6315104166666666 0.703125 0.6549479166666666 0.705078125 0.6627604166666666 0.701171875 0.7057291666666666 0.6943359375 0.7057291666666666 0.6767578125 0.7109375 0.6728515625 0.7109375 0.6650390625 0.69921875 0.65625 0.6783854166666666 0.654296875 0.64453125 0.642578125 0.6236979166666666 0.6484375
2 0.6536458333333334 0.7099609375 0.6458333333333334 0.7412109375 0.6510416666666666 0.7451171875 0.65625 0.7607421875 0.6809895833333334 0.77734375 0.70703125 0.78125 0.7109375 0.7763671875 0.7135416666666666 0.7529296875 0.7109375 0.7392578125 0.7005208333333334 0.7236328125 0.7057291666666666 0.7177734375 0.703125 0.7119140625 0.68359375 0.701171875 0.66015625 0.703125
2 0.2109375 0.7236328125 0.2109375 0.7470703125 0.21875 0.7548828125 0.21484375 0.759765625 0.20833333333333334 0.7607421875 0.2109375 0.7744140625 0.21875 0.7822265625 0.2109375 0.7900390625 0.21354166666666666 0.7939453125 0.23046875 0.80078125 0.24088541666666666 0.814453125 0.2591145833333333 0.818359375 0.2721354166666667 0.81640625 0.2825520833333333 0.826171875 0.30078125 0.82421875 0.3098958333333333 0.8115234375 0.3098958333333333 0.7763671875 0.3046875 0.7724609375 0.3020833333333333 0.7412109375 0.29296875 0.736328125 0.2565104166666667 0.732421875 0.22005208333333334 0.720703125
2 0.3854166666666667 0.3974609375 0.3828125 0.4052734375 0.3932291666666667 0.4208984375 0.3958333333333333 0.4736328125 0.41015625 0.4921875 0.44921875 0.4921875 0.46484375 0.486328125 0.4778645833333333 0.474609375 0.4921875 0.4697265625 0.5026041666666666 0.4482421875 0.5 0.4248046875 0.49609375 0.421875 0.4830729166666667 0.423828125 0.4778645833333333 0.4140625 0.4674479166666667 0.41015625 0.4466145833333333 0.41015625 0.42578125 0.39453125 0.41796875 0.392578125 0.3971354166666667 0.390625
3 0.5065104166666666 0.521484375 0.5052083333333334 0.5302734375 0.515625 0.5615234375 0.5130208333333334 0.5771484375 0.5208333333333334 0.5810546875 0.5286458333333334 0.6181640625 0.54296875 0.642578125 0.5442708333333334 0.6259765625 0.5338541666666666 0.5927734375 0.53125 0.5693359375 0.5208333333333334 0.5537109375 0.5182291666666666 0.5341796875 0.5130208333333334 0.5244140625
3 0.33203125 0.83984375 0.3255208333333333 0.8505859375 0.3125 0.8544921875 0.3138020833333333 0.859375 0.3294270833333333 0.857421875 0.3346354166666667 0.8515625 0.3528645833333333 0.845703125 0.37890625 0.830078125 0.3893229166666667 0.828125 0.4075520833333333 0.8125 0.4231770833333333 0.80859375 0.4440104166666667 0.796875 0.4609375 0.7841796875 0.4609375 0.7802734375 0.45703125 0.77734375 0.4466145833333333 0.779296875 0.42578125 0.7890625 0.41796875 0.796875 0.4049479166666667 0.802734375 0.3971354166666667 0.802734375 0.3932291666666667 0.8095703125 0.36328125 0.828125
