2 0.5598958333333334 0.48828125 0.6484375 0.4931640625 0.6510416666666666 0.498046875 0.64453125 0.5087890625 0.6197916666666666 0.5283203125 0.5872395833333334 0.5390625 0.5677083333333334 0.5390625 0.5481770833333334 0.5458984375 0.5182291666666666 0.54296875 0.4830729166666667 0.5478515625 0.4049479166666667 0.54296875 0.41796875 0.5234375 0.4544270833333333 0.5009765625
2 0.1015625 0.4970703125 0.1171875 0.4716796875 0.1328125 0.4599609375 0.1328125 0.4501953125 0.12890625 0.4453125 0.11458333333333333 0.4482421875 0.10416666666666667 0.4091796875 0.07682291666666667 0.384765625 0.078125 0.3955078125 0.059895833333333336 0.4326171875 0.0625 0.4521484375 0.046875 0.4560546875 0.046875 0.4677734375 0.061197916666666664 0.484375 0.09505208333333333 0.498046875
2 0.15885416666666666 0.7861328125 0.17838541666666666 0.78125 0.20052083333333334 0.7626953125 0.21354166666666666 0.7451171875 0.20963541666666666 0.736328125 0.18359375 0.73046875 0.16536458333333334 0.732421875 0.11979166666666667 0.7490234375 0.11979166666666667 0.7568359375 0.1328125 0.7685546875 0.13020833333333334 0.7822265625 0.13671875 0.787109375
2 0.2942708333333333 0.4638671875 0.2981770833333333 0.447265625 0.35546875 0.435546875 0.40234375 0.4140625 0.4192708333333333 0.3916015625 0.4192708333333333 0.3818359375 0.37890625 0.384765625 0.3684895833333333 0.388671875 0.3580729166666667 0.38671875 0.34765625 0.39453125 0.3294270833333333 0.39453125 0.3111979166666667 0.404296875 0.28125 0.4306640625 0.2786458333333333 0.4384765625 0.2786458333333333 0.4580078125 0.2877604166666667 0.46484375
3 0.2421875 0.4462890625 0.22916666666666666 0.3876953125 0.23177083333333334 0.3681640625 0.203125 0.3408203125 0.17447916666666666 0.2470703125 0.16666666666666666 0.2353515625 0.140625 0.1123046875 0.14583333333333334 0.0927734375 0.16145833333333334 0.0810546875 0.15885416666666666 0.0751953125 0.17057291666666666 0.076171875 0.2265625 0.0322265625 0.20963541666666666 0.033203125 0.14713541666666666 0.080078125 0.14322916666666666 0.0634765625 0.1171875 0.0576171875 0.12760416666666666 0.0537109375 0.12369791666666667 0.048828125 0.10546875 0.05078125 0.1015625 0.0478515625 0.07291666666666667 0.0009765625 0.048177083333333336 0 0.052083333333333336 0.0126953125 0.07291666666666667 0.0400390625 0.13020833333333334 0.1767578125 0.15364583333333334 0.2802734375 0.20052083333333334 0.4033203125 0.203125 0.4208984375 0.22786458333333334 0.443359375
3 0.7682291666666666 0.5576171875 0.7760416666666666 0.5283203125 0.78125 0.4580078125 0.7552083333333334 0.3271484375 0.7513020833333334 0.3203125 0.7356770833333334 0.318359375 0.7265625 0.3232421875 0.7265625 0.3330078125 0.7421875 0.3857421875 0.7526041666666666 0.4521484375 0.7526041666666666 0.5048828125 0.7473958333333334 0.5166015625 0.7526041666666666 0.5224609375 0.7552083333333334 0.5556640625
2 0.14583333333333334 0.6513671875 0.1640625 0.6259765625 0.16927083333333334 0.6044921875 0.20052083333333334 0.5830078125 0.21354166666666666 0.5576171875 0.20963541666666666 0.5546875 0.18098958333333334 0.5625 0.16276041666666666 0.576171875 0.15234375 0.578125 0.14583333333333334 0.5849609375 0.14583333333333334 0.5966796875 0.13932291666666666 0.6015625 0.13151041666666666 0.60546875 0.1171875 0.6044921875 0.1171875 0.6142578125 0.13020833333333334 0.6259765625 0.125 0.6435546875
2 0.22395833333333334 0.6083984375 0.24348958333333334 0.603515625 0.2708333333333333 0.5849609375 0.2760416666666667 0.5751953125 0.2721354166666667 0.572265625 0.22526041666666666 0.572265625 0.20703125 0.576171875 0.1953125 0.5908203125 0.21223958333333334 0.60546875
2 0.125 0.8583984375 0.140625 0.8369140625 0.140625 0.8291015625 0.11588541666666667 0.806640625 0.09635416666666667 0.8251953125 0.09375 0.8486328125 0.10546875 0.859375
2 0.1015625 0.9326171875 0.10416666666666667 0.9150390625 0.09505208333333333 0.8984375 0.08463541666666667 0.89453125 0.061197916666666664 0.89453125 0.041666666666666664 0.9013671875 0.044270833333333336 0.9150390625 0.05859375 0.9296875
2 0.2604166666666667 0.8447265625 0.2825520833333333 0.83984375 0.2942708333333333 0.8330078125 0.2942708333333333 0.8173828125 0.2864583333333333 0.8056640625 0.27734375 0.80078125 0.2565104166666667 0.8046875 0.24869791666666666 0.802734375 0.23958333333333334 0.8076171875 0.24739583333333334 0.8349609375 0.2526041666666667 0.8427734375
2 0.03125 0.5478515625 0.055989583333333336 0.5390625 0.059895833333333336 0.5263671875 0.0390625 0.5068359375 0.0390625 0.4814453125 0.026041666666666668 0.4716796875 0.020833333333333332 0.4560546875 0.0013020833333333333 0.44140625 0 0.5361328125
2 0.140625 0.5341796875 0.15755208333333334 0.525390625 0.171875 0.5107421875 0.18489583333333334 0.4931640625 0.18098958333333334 0.490234375 0.15234375 0.494140625 0.1328125 0.5087890625 0.125 0.5263671875 0.13411458333333334 0.53515625
