2 0.6006944444444444 0.8212890625 0.6475694444444444 0.80078125 0.6684027777777778 0.798828125 0.7204861111111112 0.767578125 0.7361111111111112 0.7626953125 0.7395833333333334 0.7470703125 0.7326388888888888 0.7353515625 0.7013888888888888 0.7294921875 0.7065972222222222 0.7109375 0.6684027777777778 0.720703125 0.640625 0.71875 0.5868055555555556 0.7333984375 0.5972222222222222 0.7568359375 0.5694444444444444 0.7783203125 0.5694444444444444 0.7861328125 0.5833333333333334 0.7998046875 0.5868055555555556 0.8193359375
2 0.11458333333333333 0.7080078125 0.13020833333333334 0.69921875 0.1527777777777778 0.6943359375 0.14930555555555555 0.6572265625 0.13368055555555555 0.650390625 0.109375 0.650390625 0.08854166666666667 0.638671875 0.0642361111111111 0.638671875 0.05381944444444445 0.642578125 0.03298611111111111 0.638671875 0.008680555555555556 0.640625 0 0.6455078125 0 0.6982421875 0.03993055555555555 0.70703125 0.06076388888888889 0.703125 0.078125 0.708984375
2 0.23958333333333334 0.7685546875 0.2586805555555556 0.765625 0.2986111111111111 0.7470703125 0.2951388888888889 0.7314453125 0.2864583333333333 0.7265625 0.2552083333333333 0.72265625 0.22743055555555555 0.728515625 0.1996527777777778 0.728515625 0.14583333333333334 0.7490234375 0.15104166666666666 0.755859375 0.17881944444444445 0.763671875
2 0.07291666666666667 0.8701171875 0.11284722222222222 0.859375 0.14930555555555555 0.8369140625 0.1527777777777778 0.8291015625 0.16493055555555555 0.822265625 0.1892361111111111 0.8203125 0.19444444444444445 0.8115234375 0.1753472222222222 0.802734375 0.1579861111111111 0.8046875 0.10243055555555555 0.7890625 0.08159722222222222 0.7890625 0.07118055555555555 0.78515625 0.015625 0.794921875 0 0.8037109375 0 0.8603515625 0.029513888888888888 0.869140625
2 0.2743055555555556 0.9130859375 0.3038194444444444 0.908203125 0.3229166666666667 0.8974609375 0.3229166666666667 0.8779296875 0.3177083333333333 0.875 0.2934027777777778 0.875 0.2795138888888889 0.87109375 0.2586805555555556 0.880859375 0.2482638888888889 0.87890625 0.2204861111111111 0.88671875 0.19444444444444445 0.9013671875 0.2065972222222222 0.908203125
2 0.6597222222222222 0.9990234375 0.6857638888888888 0.994140625 0.7013888888888888 0.9853515625 0.6614583333333334 0.970703125 0.6302083333333334 0.962890625 0.6059027777777778 0.962890625 0.5989583333333334 0.95703125 0.5711805555555556 0.951171875 0.5121527777777778 0.955078125 0.4982638888888889 0.958984375 0.4774305555555556 0.974609375 0.4392361111111111 0.98046875 0.3923611111111111 0.9970703125 0.3940972222222222 1
2 0.4027777777777778 0.9931640625 0.4427083333333333 0.98046875 0.4635416666666667 0.978515625 0.4722222222222222 0.9697265625 0.5 0.9580078125 0.5104166666666666 0.9384765625 0.5104166666666666 0.9287109375 0.5017361111111112 0.919921875 0.4670138888888889 0.921875 0.453125 0.93359375 0.4166666666666667 0.9423828125 0.4166666666666667 0.9501953125 0.3923611111111111 0.9677734375 0.3888888888888889 0.9794921875 0.3923611111111111 0.9912109375
2 0.2743055555555556 0.9833984375 0.2864583333333333 0.978515625 0.3211805555555556 0.9765625 0.3315972222222222 0.970703125 0.3559027777777778 0.974609375 0.3576388888888889 0.9697265625 0.2586805555555556 0.94140625 0.21354166666666666 0.9453125 0.1840277777777778 0.9580078125 0.2170138888888889 0.978515625 0.24479166666666666 0.984375
2 0.5034722222222222 0.7607421875 0.5381944444444444 0.7294921875 0.5590277777777778 0.7177734375 0.5590277777777778 0.7080078125 0.5763888888888888 0.6943359375 0.5763888888888888 0.6708984375 0.5572916666666666 0.6484375 0.5364583333333334 0.6484375 0.5069444444444444 0.6630859375 0.5069444444444444 0.6708984375 0.4861111111111111 0.6923828125 0.4826388888888889 0.7255859375 0.4930555555555556 0.7314453125 0.4791666666666667 0.7451171875 0.4791666666666667 0.7529296875 0.4913194444444444 0.76171875
2 0.5208333333333334 0.8583984375 0.5295138888888888 0.84765625 0.5434027777777778 0.845703125 0.5729166666666666 0.8310546875 0.5833333333333334 0.8173828125 0.5763888888888888 0.7958984375 0.5625 0.7822265625 0.5329861111111112 0.771484375 0.484375 0.771484375 0.4739583333333333 0.775390625 0.4565972222222222 0.76953125 0.4166666666666667 0.7841796875 0.4131944444444444 0.7939453125 0.4010416666666667 0.796875 0.3784722222222222 0.8134765625 0.3784722222222222 0.8271484375 0.3975694444444444 0.83203125 0.4600694444444444 0.83203125 0.4809027777777778 0.85546875 0.4947916666666667 0.859375
2 0.8055555555555556 0.7900390625 0.8315972222222222 0.783203125 0.8420138888888888 0.775390625 0.859375 0.775390625 0.875 0.7666015625 0.8715277777777778 0.7431640625 0.8767361111111112 0.740234375 0.8975694444444444 0.744140625 0.9201388888888888 0.7412109375 0.9201388888888888 0.7353515625 0.9010416666666666 0.72265625 0.8767361111111112 0.720703125 0.8385416666666666 0.70703125 0.8107638888888888 0.712890625 0.7881944444444444 0.7236328125 0.7708333333333334 0.7412109375 0.7708333333333334 0.7490234375 0.7482638888888888 0.7578125 0.7395833333333334 0.7666015625 0.7465277777777778 0.7861328125 0.7552083333333334 0.791015625
2 0.9756944444444444 0.8173828125 1 0.8115234375 1 0.7685546875 0.9947916666666666 0.765625 0.8975694444444444 0.763671875 0.8680555555555556 0.7724609375 0.8506944444444444 0.7919921875 0.859375 0.798828125 0.8802083333333334 0.80078125 0.9079861111111112 0.810546875 0.9322916666666666 0.80859375 0.9600694444444444 0.818359375
2 0.4340277777777778 0.7568359375 0.4496527777777778 0.75390625 0.4600694444444444 0.74609375 0.4774305555555556 0.744140625 0.4930555555555556 0.7294921875 0.4809027777777778 0.724609375 0.4565972222222222 0.72265625 0.4357638888888889 0.72265625 0.4114583333333333 0.728515625 0.3958333333333333 0.7373046875 0.3958333333333333 0.7509765625 0.4114583333333333 0.7578125
2 0.2638888888888889 0.5927734375 0.2743055555555556 0.5888671875 0.2743055555555556 0.5712890625 0.265625 0.56640625 0.19270833333333334 0.544921875 0.1736111111111111 0.5478515625 0.1840277777777778 0.5634765625 0.1840277777777778 0.5751953125 0.1996527777777778 0.5859375 0.2170138888888889 0.591796875
2 0.4131944444444444 0.6064453125 0.4461805555555556 0.599609375 0.4670138888888889 0.599609375 0.4947916666666667 0.591796875 0.5069444444444444 0.5810546875 0.4947916666666667 0.576171875 0.4704861111111111 0.576171875 0.4322916666666667 0.58203125 0.4184027777777778 0.58984375 0.3940972222222222 0.59375 0.3854166666666667 0.6025390625 0.3940972222222222 0.607421875
2 0.2013888888888889 0.2470703125 0.2222222222222222 0.2333984375 0.21180555555555555 0.2294921875 0.2048611111111111 0.2158203125 0.1892361111111111 0.208984375 0.13368055555555555 0.21875 0.1076388888888889 0.2333984375 0.109375 0.23828125 0.1267361111111111 0.2421875
2 0.6875 0.0693359375 0.7256944444444444 0.0634765625 0.7222222222222222 0.0576171875 0.7291666666666666 0.0537109375 0.7291666666666666 0.0458984375 0.7204861111111112 0.0390625 0.7065972222222222 0.04296875 0.703125 0.033203125 0.6545138888888888 0.015625 0.6197916666666666 0.01171875 0.5868055555555556 0.0146484375 0.6145833333333334 0.0439453125 0.6440972222222222 0.0625
2 0.9548611111111112 0.1318359375 0.9548611111111112 0.1220703125 0.9270833333333334 0.0927734375 0.9079861111111112 0.087890625 0.8767361111111112 0.064453125 0.859375 0.06640625 0.8524305555555556 0.0546875 0.8142361111111112 0.052734375 0.8055555555555556 0.0576171875 0.8020833333333334 0.0654296875 0.8125 0.0712890625 0.8090277777777778 0.0791015625 0.8229166666666666 0.0908203125 0.8229166666666666 0.0986328125 0.8559027777777778 0.119140625 0.8871527777777778 0.12890625
2 0.8020833333333334 0.1572265625 0.8263888888888888 0.1533203125 0.8263888888888888 0.1455078125 0.8107638888888888 0.126953125 0.7517361111111112 0.11328125 0.7274305555555556 0.11328125 0.7048611111111112 0.1259765625 0.7152777777777778 0.1337890625 0.7170138888888888 0.142578125 0.7760416666666666 0.158203125
2 0.6840277777777778 0.1142578125 0.6909722222222222 0.0947265625 0.6649305555555556 0.080078125 0.609375 0.0625 0.6076388888888888 0.0947265625 0.6145833333333334 0.1005859375 0.6371527777777778 0.111328125
2 0.5694444444444444 0.1767578125 0.5920138888888888 0.169921875 0.6059027777777778 0.171875 0.6163194444444444 0.16015625 0.6475694444444444 0.16015625 0.65625 0.1552734375 0.6701388888888888 0.1416015625 0.6510416666666666 0.126953125 0.6232638888888888 0.12109375 0.6024305555555556 0.123046875 0.5625 0.1455078125 0.5659722222222222 0.1513671875 0.5173611111111112 0.1728515625 0.5190972222222222 0.17578125
2 0.6597222222222222 0.5478515625 0.6631944444444444 0.5283203125 0.6875 0.5185546875 0.6909722222222222 0.4951171875 0.6545138888888888 0.4765625 0.609375 0.46875 0.5972222222222222 0.4755859375 0.59375 0.4853515625 0.5972222222222222 0.5126953125 0.6076388888888888 0.5166015625 0.6180555555555556 0.5322265625
2 0.6631944444444444 0.5478515625 0.6631944444444444 0.5322265625 0.6875 0.5166015625 0.6909722222222222 0.4951171875 0.65625 0.4775390625 0.65625 0.4541015625 0.6736111111111112 0.4306640625 0.6961805555555556 0.4296875 0.6979166666666666 0.4248046875 0.6805555555555556 0.4013671875 0.6510416666666666 0.384765625 0.6197916666666666 0.380859375 0.6006944444444444 0.3916015625 0.59375 0.4033203125 0.5972222222222222 0.4423828125 0.6041666666666666 0.4501953125 0.59375 0.4873046875 0.5972222222222222 0.5087890625 0.6215277777777778 0.5341796875 0.6440972222222222 0.544921875
2 0.14583333333333334 0.4228515625 0.1840277777777778 0.3974609375 0.1875 0.3876953125 0.2013888888888889 0.3779296875 0.19791666666666666 0.3662109375 0.2152777777777778 0.3525390625 0.22569444444444445 0.3349609375 0.21875 0.3232421875 0.203125 0.318359375 0.1892361111111111 0.31640625 0.1684027777777778 0.322265625 0.1423611111111111 0.3505859375 0.14583333333333334 0.3623046875 0.13194444444444445 0.3779296875 0.125 0.4033203125 0.1388888888888889 0.4228515625
2 0.1388888888888889 0.7509765625 0.14930555555555555 0.7431640625 0.14930555555555555 0.7255859375 0.14583333333333334 0.7177734375 0.1232638888888889 0.70703125 0.09375 0.7158203125 0.09027777777777778 0.7353515625 0.10590277777777778 0.744140625
2 0.1701388888888889 0.8017578125 0.2048611111111111 0.7919921875 0.1875 0.7705078125 0.16493055555555555 0.767578125 0.1545138888888889 0.771484375 0.1371527777777778 0.765625 0.11805555555555555 0.7822265625 0.12152777777777778 0.7939453125 0.1545138888888889 0.802734375
2 0.2048611111111111 0.6416015625 0.21180555555555555 0.6376953125 0.21180555555555555 0.6279296875 0.2013888888888889 0.6064453125 0.1736111111111111 0.5732421875 0.16145833333333334 0.568359375 0.1423611111111111 0.5712890625 0.1527777777777778 0.5595703125 0.1423611111111111 0.5537109375 0.1388888888888889 0.5439453125 0.10590277777777778 0.52734375 0.057291666666666664 0.52734375 0.034722222222222224 0.5380859375 0.04513888888888889 0.5478515625 0.022569444444444444 0.548828125 0.006944444444444444 0.5576171875 0.006944444444444444 0.5693359375 0 0.5712890625 0 0.6103515625 0.012152777777777778 0.6171875 0.050347222222222224 0.625 0.07465277777777778 0.615234375 0.0920138888888889 0.61328125 0.10590277777777778 0.6171875 0.11631944444444445 0.626953125 0.13020833333333334 0.626953125 0.1440972222222222 0.634765625
2 0.4618055555555556 0.9130859375 0.4739583333333333 0.912109375 0.4930555555555556 0.9013671875 0.5 0.8916015625 0.4739583333333333 0.876953125 0.4392361111111111 0.876953125 0.4131944444444444 0.8935546875 0.4131944444444444 0.9033203125 0.4253472222222222 0.9140625
2 0.25 0.8115234375 0.2743055555555556 0.7958984375 0.2743055555555556 0.7822265625 0.2586805555555556 0.765625 0.2326388888888889 0.7744140625 0.2222222222222222 0.7900390625 0.22916666666666666 0.8076171875 0.2378472222222222 0.8125
2 0.0763888888888889 0.9228515625 0.08680555555555555 0.9169921875 0.08680555555555555 0.8994140625 0.07291666666666667 0.8857421875 0.05381944444444445 0.87890625 0.043402777777777776 0.869140625 0.036458333333333336 0.869140625 0.027777777777777776 0.8740234375 0.027777777777777776 0.9013671875 0.050347222222222224 0.919921875 0.06076388888888889 0.923828125
2 0.4652777777777778 0.6728515625 0.4704861111111111 0.669921875 0.4930555555555556 0.6708984375 0.5034722222222222 0.6396484375 0.453125 0.609375 0.4461805555555556 0.609375 0.4340277777777778 0.6181640625 0.4375 0.6552734375 0.4513888888888889 0.6708984375
2 0.8229166666666666 0.6748046875 0.8229166666666666 0.6650390625 0.8402777777777778 0.6533203125 0.8402777777777778 0.6416015625 0.7934027777777778 0.6171875 0.7621527777777778 0.607421875 0.7517361111111112 0.609375 0.7430555555555556 0.6142578125 0.7430555555555556 0.6259765625 0.7604166666666666 0.6337890625 0.7690972222222222 0.64453125 0.8090277777777778 0.6572265625
2 0.6597222222222222 0.6669921875 0.6788194444444444 0.6640625 0.6979166666666666 0.6474609375 0.6961805555555556 0.642578125 0.6684027777777778 0.634765625 0.6510416666666666 0.634765625 0.6388888888888888 0.6416015625 0.6423611111111112 0.6650390625
2 0.7708333333333334 0.7216796875 0.7934027777777778 0.720703125 0.8055555555555556 0.7080078125 0.7760416666666666 0.6953125 0.7413194444444444 0.6953125 0.7291666666666666 0.7041015625 0.7326388888888888 0.7158203125 0.7482638888888888 0.72265625
