0 0.06580703125000001 0.29662734375 0.06845234375 0.2911703125 0.068121875 0.2869546875 0.060846875 0.28149765625 0.05125625 0.28174609375 0.040674218750000005 0.2931546875 0.038690625 0.29737109375 0.03836015625 0.3025796875 0.040674218750000005 0.30481171875 0.060846875 0.2998515625 0.06580703125000001 0.29662734375
0 0 0.28273828125 0.005621875 0.2876984375 0.013557812499999999 0.2876984375 0.01851875 0.284721875 0.0228171875 0.2795140625 0.02447109375 0.2755453125 0.02447109375 0.27058515625 0.017526562500000002 0.26537734375 0.0046296875 0.2703375 0.001984375 0.27356171875 0 0.273809375 0 0.28273828125
0 0 0.27157734375000003 0.01322734375 0.26686484374999997 0.01521171875 0.26438515625000003 0.0119046875 0.252728125 0.00958984375 0.25074375 0.0036374999999999997 0.25074375 0 0.25148828125 0 0.27157734375000003
0 0.03736796875 0.21279765624999997 0.0443125 0.20833359375 0.042328125 0.20461328124999997 0.03538359375 0.201140625 0.02976171875 0.19990078125 0.02513203125 0.1959328125 0.0211640625 0.20039687499999997 0.017526562500000002 0.20957343750000001 0.01686484375 0.21279765624999997 0.01884921875 0.2142859375 0.02876953125 0.2150296875 0.03736796875 0.21279765624999997
0 0.40013203124999996 0.17237109374999998 0.40674609375 0.17063515625 0.41170625000000005 0.16666640625 0.41600546875 0.1599703125 0.41699765624999996 0.15426562500000002 0.41203671875000003 0.14856171875 0.40476171875 0.148809375 0.39351875000000003 0.15476171875 0.39021171875 0.16021796875 0.38955 0.16666640625 0.39120390625 0.17088281249999998 0.3941796875 0.17237109374999998 0.40013203124999996 0.17237109374999998
0 0.43617734375 0.153521875 0.44146796874999994 0.15203359375 0.45535703125 0.13938515625 0.45469609375 0.1334328125 0.4513890625 0.1314484375 0.44708984375 0.13095234375 0.42857109375 0.14409687499999999 0.4272484375 0.14756953125 0.42791015625 0.1505453125 0.42989453125 0.1525296875 0.43617734375 0.153521875
0 0.608465625 0.48164687500000003 0.6104499999999999 0.48065468750000007 0.61243359375 0.476190625 0.6150796875 0.4588296875 0.6071429687500001 0.45461328125 0.60350546875 0.45386875 0.6001984375 0.451140625 0.59193125 0.44990078125000005 0.57837265625 0.4630453125 0.57374375 0.47271796874999994 0.57308203125 0.4786703125 0.57671953125 0.48189453125000004 0.5968914062499999 0.48338281250000004 0.608465625 0.48164687500000003
0 0.58763203125 0.44419609375 0.5945765625 0.44370078125 0.60284375 0.44022812499999997 0.60615078125 0.43774765625 0.61243359375 0.41641874999999995 0.612103125 0.41145859375000005 0.60780390625 0.40972187499999996 0.59920625 0.40922656249999995 0.597221875 0.40699375 0.59160078125 0.40525781250000004 0.58465625 0.41393828125 0.57506640625 0.42261875 0.57308203125 0.42683515625 0.5727515624999999 0.43204374999999995 0.57506640625 0.43626015625000003 0.575396875 0.44022812499999997 0.58763203125 0.44419609375
0 0.6140875 0.39211328125 0.61904765625 0.39657734375000003 0.626653125 0.3970734375 0.63392890625 0.3936015625 0.63988125 0.38516875 0.64186484375 0.36904765624999997 0.63822734375 0.3638390625 0.6345898437499999 0.36185546875 0.6289679687499999 0.36086328125 0.626653125 0.36086328125 0.62169296875 0.36334296875 0.61805546875 0.366815625 0.6154101562500001 0.37276796874999996 0.612103125 0.3767359375 0.6127648437500001 0.3888890625 0.6140875 0.39211328125
0 0.65674609375 0.439484375 0.659721875 0.43799609375 0.6613757812500001 0.43477187500000003 0.66236796875 0.421875 0.6610453125 0.4201390625 0.65773828125 0.41914687500000003 0.63822734375 0.41641874999999995 0.6352515624999999 0.41964296875 0.63260546875 0.42857109375 0.63293671875 0.43402812500000004 0.6369046875000001 0.43898828125 0.64120390625 0.43973203125 0.65674609375 0.439484375
0 0.77447109375 0.42981171875 0.7820765625 0.43377968750000007 0.78802890625 0.43427578125000005 0.7933203125 0.43303593749999997 0.79828046875 0.42782734375000003 0.799603125 0.4171625 0.795965625 0.40079374999999995 0.7929890625 0.3963296875 0.78736796875 0.39186484374999997 0.78306875 0.39037734375 0.77876953125 0.39087265625 0.77513203125 0.39186484374999997 0.77215625 0.394096875 0.7681875 0.4005453125 0.7675265625 0.40873046874999996 0.7695109375 0.4236109375 0.77083359375 0.42609140625 0.77447109375 0.42981171875
0 0.73313515625 0.32043671875 0.7364421875 0.3209328125 0.74404765625 0.3189484375 0.74966953125 0.31498046875 0.75595234375 0.30654765624999997 0.75595234375 0.3025796875 0.7539679687499999 0.299603125 0.7486773437500001 0.29489062499999996 0.74140234375 0.29365078125 0.73578046875 0.2938984375 0.7268515625 0.2986109375 0.726190625 0.30481171875 0.72288359375 0.31026796874999996 0.72453671875 0.3125 0.73313515625 0.32043671875
0 0.60813515625 0.30357109375 0.6134257812499999 0.30183515625 0.61607109375 0.29935546875 0.61904765625 0.2921625 0.61805546875 0.2849703125 0.6150796875 0.27802578125 0.6111109375 0.27628984375 0.60350546875 0.27926562499999996 0.5965609374999999 0.2896828125 0.59424609375 0.2986109375 0.597221875 0.30084296875 0.60317421875 0.30357109375 0.60813515625 0.30357109375
0 0.5446429687500001 0.31051562499999996 0.54927265625 0.309771875 0.5605156250000001 0.31225234375 0.5724203125 0.30654765624999997 0.5734125 0.304315625 0.5760578125 0.3025796875 0.5770500000000001 0.29910703125000004 0.57109765625 0.2904265625 0.5651453125 0.2869546875 0.5486109375 0.29191484375 0.5423281249999999 0.288690625 0.53670625 0.2884421875 0.531084375 0.29166640625 0.52943125 0.29439453125 0.52876953125 0.29885937500000004 0.5304234375 0.3013390625 0.54100546875 0.30927578125 0.5446429687500001 0.31051562499999996
0 0.8005953124999999 0.23313515625 0.8052250000000001 0.22966250000000002 0.8105156250000001 0.22098203125000002 0.81018515625 0.20858125 0.80654765625 0.205109375 0.80291015625 0.20362109374999998 0.7926585937499999 0.20386875 0.781084375 0.21279765624999997 0.7761242187499999 0.220734375 0.77546328125 0.22470234375000003 0.7896828124999999 0.22941484375 0.79629609375 0.23313515625 0.8005953124999999 0.23313515625
0 0.7595898437499999 0.20262890625000002 0.7675265625 0.1986609375 0.7804234375 0.18948437499999998 0.78306875 0.1904765625 0.78836015625 0.1857640625 0.7893515625 0.18129921875 0.7876984375 0.1701390625 0.78306875 0.16691484375 0.77910078125 0.16691484375 0.7711640625 0.16939453124999998 0.748346875 0.18328359375 0.744709375 0.18973203125 0.744709375 0.19444453125 0.748346875 0.19915703125 0.7519843749999999 0.20188515625 0.7595898437499999 0.20262890625000002
0 0.7321429687500001 0.127728125 0.73677265625 0.1267359375 0.7380953124999999 0.1240078125 0.7480156250000001 0.1220234375 0.75595234375 0.11904765625 0.75892890625 0.11532734375 0.7595898437499999 0.111359375 0.755621875 0.10590312500000001 0.7271828124999999 0.1049109375 0.72023828125 0.1063984375 0.7136242187499999 0.1103671875 0.711309375 0.11359140625 0.71163984375 0.12028749999999999 0.715278125 0.12475234375 0.7238757812500001 0.12748046875000002 0.7321429687500001 0.127728125
0 0.7050265625 0.10292656250000001 0.71263203125 0.10019843749999999 0.71626953125 0.09573437500000001 0.71726171875 0.09251015625 0.71263203125 0.085565625 0.7076718750000001 0.0828375 0.70238125 0.081596875 0.693121875 0.08209296875 0.6875 0.08407734375 0.6832007812499999 0.090278125 0.6835320312500001 0.09548593749999999 0.6865078125 0.10069453125000001 0.693121875 0.10342265625 0.7050265625 0.10292656250000001
0 0.74206328125 0.09523828125 0.75066171875 0.090278125 0.751653125 0.0838296875 0.74404765625 0.07762890624999999 0.7324734375 0.07862109375000001 0.73115078125 0.08010937500000001 0.7304890625 0.08581328125 0.7318125 0.09201406250000001 0.7361109375 0.09697421875 0.74206328125 0.09523828125
0 0.7390875 0.17509921875 0.7417328125 0.17038671875 0.7400796875 0.163690625 0.7321429687500001 0.1579859375 0.722553125 0.16294609375 0.71825390625 0.1674109375 0.718915625 0.1763390625 0.722221875 0.1803078125 0.72817421875 0.1830359375 0.7390875 0.17509921875
0 0.5231484375 0.57688515625 0.52910078125 0.58060546875 0.53339921875 0.581596875 0.54100546875 0.5803570312499999 0.5486109375 0.5771328125 0.5529101562500001 0.56845234375 0.5525796875 0.5567953125 0.54927265625 0.54836328125 0.54629609375 0.5446429687500001 0.54530390625 0.538690625 0.5376984375 0.53125 0.52943125 0.5282734375 0.52513203125 0.52876953125 0.51884921875 0.53149765625 0.51587265625 0.53670625 0.516534375 0.5451390625 0.51488125 0.55729140625 0.51719609375 0.56770859375 0.5231484375 0.57688515625
0 0.6111109375 0.60267890625 0.61805546875 0.60168671875 0.62466953125 0.5984625 0.6312828125000001 0.59325390625 0.634259375 0.58829375 0.634259375 0.5845734375 0.63095234375 0.5741570312500001 0.6276453125 0.570684375 0.623346875 0.56919609375 0.6150796875 0.56870078125 0.60251328125 0.57142890625 0.593584375 0.58333359375 0.593584375 0.5917656250000001 0.597221875 0.597221875 0.6021828124999999 0.6001984375 0.6111109375 0.60267890625
0 0.9530421875 0.5845734375 0.9626320312500001 0.58829375 0.96990703125 0.58680546875 0.9715609374999999 0.58407734375 0.9718914062499999 0.5791171875 0.968915625 0.57142890625 0.96362421875 0.5682046875 0.95271171875 0.5587796875000001 0.9490742187500001 0.55729140625 0.939153125 0.55555546875 0.93683828125 0.55704375 0.935846875 0.5595234375 0.9355156250000001 0.56795625 0.9421296874999999 0.5761406250000001 0.9464289062500001 0.57961328125 0.9530421875 0.5845734375
0 0.9861109375 0.0907734375 0.98941796875 0.0900296875 0.99669296875 0.07192421875 0.9963625 0.06498046874999999 0.9914023437499999 0.05654765625 0.9854499999999999 0.05257968750000001 0.98115078125 0.051587499999999994 0.97089921875 0.05555546875 0.96924609375 0.058283593749999994 0.968915625 0.06423593749999999 0.9718914062499999 0.07787734375000001 0.9824734375 0.08953359375 0.9861109375 0.0907734375
0 0.9219578125 0.0709328125 0.9236109375 0.0736609375 0.9275796875 0.07390859375 0.9451054687499999 0.048859375 0.9457671875000001 0.04092265625 0.94973515625 0.03720234375 0.950396875 0.033234375 0.9490742187500001 0.03100234375 0.94708984375 0.029265625 0.9431218749999999 0.02876953125 0.939153125 0.025793749999999997 0.9312171875 0.027778124999999997 0.9265874999999999 0.03100234375 0.9236109375 0.03546640625 0.91402109375 0.0424109375 0.91137578125 0.046378906250000004 0.9130289062499999 0.06299609375000001 0.9153437500000001 0.06398828125 0.9169976562500001 0.0682046875 0.9219578125 0.0709328125
1 0.42691796875000004 0.9575890625 0.43518515625000004 0.9618054687500001 0.43783046875 0.9615578125 0.44080703125 0.9600695312499999 0.44345234375000003 0.956596875 0.44510546875 0.95064453125 0.45105781250000004 0.9481648437500001 0.45535703125 0.9419640625 0.45502656249999995 0.9288195312499999 0.4513890625 0.9300593750000001 0.44708984375 0.934028125 0.44212968750000003 0.93601171875 0.42691796875000004 0.93700390625 0.42328046874999997 0.93501953125 0.4183203125 0.93427578125 0.41336015625 0.9352679687500001 0.410053125 0.93774765625 0.40476171875 0.9432046875 0.40773828125 0.94717265625 0.41997343750000005 0.95634921875 0.42691796875000004 0.9575890625
1 0.46163984375 0.98487109375 0.45502656249999995 0.9799109375 0.4513890625 0.987103125 0.44675937499999996 0.987846875 0.44246015625 0.9823906250000001 0.44146796874999994 0.97842265625 0.43154765624999997 0.971478125 0.42956328125 0.9742062499999999 0.42956328125 0.98586328125 0.42526484375000007 0.9930554687500001 0.42493359374999995 0.99975234375 0.46296328124999997 0.99975234375 0.46395468749999996 0.9893351562499999 0.46163984375 0.98487109375
2 0.34060859374999997 0.85515859375 0.343584375 0.85962265625 0.34920625 0.8613593749999999 0.35383593750000003 0.86061484375 0.36011875 0.8638390625 0.36276484375 0.8680554687500001 0.3630953125 0.88095234375 0.3683859375 0.8883929687500001 0.376653125 0.8936015625 0.38095234375000003 0.894096875 0.3925265625 0.8923609375 0.39616406249999997 0.89136875 0.40376953125000004 0.8866570312500001 0.41534375 0.88467265625 0.4236109375 0.8844242187500001 0.43617734375 0.8807046875 0.43716953125 0.87376015625 0.43518515625000004 0.8675593750000001 0.43518515625000004 0.86011875 0.43816171875 0.8573906250000001 0.43783046875 0.85342265625 0.4275796875 0.8380453125 0.4236109375 0.8350695312499999 0.41931250000000003 0.8358132812499999 0.41567421875 0.8320929687499999 0.40839921874999996 0.82837265625 0.39847890625 0.82688515625 0.3796296875 0.828125 0.35978828125 0.8350695312499999 0.358465625 0.8350695312499999 0.35714296874999996 0.8320929687499999 0.35813515625000003 0.82886875 0.35681250000000003 0.828125 0.35086015625 0.8360617187500001 0.3485453125 0.8365578125 0.34556875 0.8348210937499999 0.34424609375 0.8459820312499999 0.34193125 0.8519343750000001 0.33796328125 0.8536703125 0.34060859374999997 0.85515859375
2 0.25859765625 0.96751015625 0.26421953125000003 0.9667656250000001 0.270171875 0.96899765625 0.27612421875000004 0.9761906249999999 0.28009296875 0.984375 0.28009296875 0.9918156249999999 0.27943125 0.9928078125 0.27447109375 0.99404765625 0.2728171875 0.99975234375 0.340278125 0.99975234375 0.347553125 0.9945437500000001 0.34953671875 0.9947914062500001 0.34986796875000004 0.98412734375 0.34788359375 0.9742062499999999 0.34986796875000004 0.9707343749999999 0.3554890625 0.9665179687500001 0.35615078125 0.9588296875 0.35416640625 0.95461328125 0.34226171875 0.94345234375 0.33829375 0.9412203124999999 0.33101875000000003 0.9397320312499999 0.3058859375 0.94072421875 0.29133593750000003 0.9456843750000001 0.281084375 0.9513890625 0.2675265625 0.955853125 0.2635578125 0.95560546875 0.2582671875 0.9585812499999999 0.26058203125 0.9632937500000001 0.255621875 0.96453359375 0.25330703125 0.9665179687500001 0.25859765625 0.96751015625
2 0.45800234375000004 0.77455390625 0.45833359375000005 0.78273828125 0.4606484375 0.78720234375 0.46296328124999997 0.788690625 0.47189140625 0.78918671875 0.47354531250000004 0.79017890625 0.4751984375 0.7938984375 0.47354531250000004 0.79538671875 0.46924609375 0.79637890625 0.46296328124999997 0.8030757812499999 0.45833359375000005 0.8142359375 0.46163984375 0.8261406250000001 0.47288359375000005 0.8385414062500001 0.47850546875 0.8420140625 0.48875624999999995 0.84424609375 0.49768515625000004 0.84375 0.5009921875 0.8407734375 0.50892890625 0.8400296875000001 0.523809375 0.84970234375 0.53306875 0.8524304687500001 0.5443125 0.8516867187500001 0.55654765625 0.8571429687500001 0.569775 0.85912734375 0.5806875 0.859375 0.58763203125 0.85813515625 0.5906085937500001 0.85342265625 0.5873015625 0.8417656250000001 0.58763203125 0.8380453125 0.59193125 0.8303570312499999 0.5909390625000001 0.82663671875 0.58829375 0.8216765625000001 0.5836640625 0.8182046875 0.5810187499999999 0.81398828125 0.57572734375 0.8095234375 0.5707671875 0.8077875000000001 0.5598546875 0.80009921875 0.55654765625 0.7924109374999999 0.553240625 0.789434375 0.54761875 0.78670625 0.54530390625 0.78199375 0.54993359375 0.7795140625 0.5515875 0.77529765625 0.549603125 0.7673609375 0.5413359375 0.762896875 0.53703671875 0.7584328124999999 0.52513203125 0.7539679687499999 0.5155421875 0.7547125 0.5 0.7542164062500001 0.50066171875 0.7490078125 0.50595234375 0.747271875 0.5066140625 0.7435515625 0.49768515625000004 0.7366070312499999 0.494378125 0.73759921875 0.4861109375 0.7361109375 0.48478828125 0.7366070312499999 0.48379609375 0.7400796875 0.48115078125000005 0.74107109375 0.4751984375 0.73983125 0.47056875 0.7408234375 0.46560859375 0.74404765625 0.46197109375 0.74876015625 0.45502656249999995 0.75248046875 0.454034375 0.7544640625000001 0.45271171875 0.75942421875 0.45337265625 0.7676093749999999 0.454034375 0.77083359375 0.45800234375000004 0.77455390625
2 0.35350546875 0.80009921875 0.36011875 0.799603125 0.36904765624999997 0.8005953124999999 0.37599218749999996 0.7946429687500001 0.3776453125 0.7911703125 0.37698437500000004 0.78993046875 0.37103203125 0.7869546875 0.36474843749999997 0.78199375 0.362103125 0.7770335937499999 0.35714296874999996 0.77232109375 0.34556875 0.76512890625 0.33829375 0.76686484375 0.33333359375 0.7700890625000001 0.3300265625 0.7782734375 0.32969609375000003 0.78720234375 0.339946875 0.79538671875 0.34490703125 0.79737109375 0.35350546875 0.80009921875
2 0.14682578125 0.69791640625 0.15873046875000002 0.7021328125 0.1679890625 0.70188515625 0.17295 0.70287734375 0.18551562500000002 0.7068453124999999 0.18948437499999998 0.7095734375 0.19708984375 0.71006953125 0.1994046875 0.7088296875 0.20039687499999997 0.7051093749999999 0.1937828125 0.6932046875 0.18551562500000002 0.6852679687500001 0.1736109375 0.6765875 0.16170625 0.67162734375 0.13855781250000002 0.6728671875 0.13756640625 0.6741070312499999 0.1369046875 0.67857109375 0.13458984375 0.6817953125 0.13822734375 0.68998046875 0.14682578125 0.69791640625
2 0.54067421875 0.28745078125 0.54662734375 0.28993046875 0.55357109375 0.28993046875 0.5585320312500001 0.288690625 0.567790625 0.2829859375 0.5707671875 0.278521875 0.5820109375 0.2740578125 0.593584375 0.27182578125 0.597553125 0.26760937500000004 0.6048281249999999 0.26636875 0.6111109375 0.2638890625 0.619378125 0.2564484375 0.6220234375 0.25198437500000004 0.62466953125 0.25198437500000004 0.6286375 0.2609125 0.630621875 0.26240078125 0.6352515624999999 0.26240078125 0.6428570312499999 0.25942421875 0.65013203125 0.252728125 0.66203671875 0.24975234375 0.67030390625 0.23983125 0.66170625 0.22395859375 0.65376953125 0.21899765625 0.64715625 0.21800625 0.641534375 0.2150296875 0.626653125 0.21106171875 0.61640234375 0.20064453124999998 0.61441796875 0.1966765625 0.60978828125 0.194940625 0.60615078125 0.19171640625 0.6001984375 0.18873984375 0.590278125 0.18799609374999998 0.58300234375 0.1892359375 0.5724203125 0.19419609375 0.5664679687499999 0.20089296874999998 0.5558859375 0.20907734375000003 0.53670625 0.2415671875 0.5304234375 0.24429531249999997 0.52711640625 0.25198437500000004 0.52149453125 0.2599203125 0.5201718750000001 0.26760937500000004 0.52248671875 0.27182578125 0.53273828125 0.27579375 0.54067421875 0.28745078125
2 0.9017859375 0 0.9014546875 0.00669609375 0.9110453125 0.018353125 0.9193125 0.0240578125 0.9236109375 0.0255453125 0.9305554687500001 0.0240578125 0.93799609375 0.0240578125 0.9467593750000001 0.026537500000000002 0.954034375 0.02430546875 0.9606484375000001 0.00967265625 0.9616398437499999 0.0057046875 0.9606484375000001 0 0.9017859375 0
2 0.19808203124999998 0.22048593749999998 0.20138906250000002 0.22371015625 0.2103171875 0.24206328125 0.21362421875 0.24454375 0.21660078125 0.24503984375 0.22189140625 0.23288671875000003 0.22652109375 0.23015859375 0.2304890625 0.22445468750000003 0.23875625 0.21800625 0.24338593749999998 0.2075890625 0.2470234375 0.20709296875 0.25231484375 0.20982109375000002 0.255621875 0.1994046875 0.2635578125 0.18675625 0.2635578125 0.17708359375 0.26157421875 0.17063515625 0.255621875 0.16046640625 0.24834687500000002 0.15277812500000001 0.24404765624999997 0.15277812500000001 0.2417328125 0.1545140625 0.23611093749999998 0.15575390625000002 0.2324734375 0.1592265625 0.22751328124999998 0.1609625 0.22288359375 0.164434375 0.218915625 0.1701390625 0.21362421875 0.17435546875000002 0.20138906250000002 0.18129921875 0.19246015625 0.18948437499999998 0.19113750000000002 0.19246015625 0.19113750000000002 0.19766875 0.19345234375 0.21254921875 0.19808203124999998 0.22048593749999998
2 0.09259296875 0.31845234375000003 0.09556875000000001 0.328125 0.1111109375 0.33680546875 0.12169296874999999 0.33878984375 0.12533046875 0.3380453125 0.1279765625 0.33432578125 0.12896796875 0.3172125 0.13095234375 0.3125 0.13458984375 0.3087796875 0.1425265625 0.31126015625000003 0.14384921875 0.31026796874999996 0.14484140625 0.30233125 0.14351875 0.2849703125 0.13855781250000002 0.27876953125 0.130621875 0.2767859375 0.123015625 0.27976171875 0.1147484375 0.28075390625 0.10714296875 0.27926562499999996 0.0982140625 0.28447421875 0.0816796875 0.29761875 0.08134921875 0.3025796875 0.08829375 0.305059375 0.093584375 0.31001953125 0.09259296875 0.31845234375000003
2 0.1150796875 0.28050625 0.11904765625 0.27976171875 0.12698437499999998 0.2767859375 0.13293671875 0.2720734375 0.13624375 0.2609125 0.14285703125 0.25049609375 0.1498015625 0.24776796874999998 0.14682578125 0.23933515625 0.137896875 0.2373515625 0.12996015625 0.2388390625 0.123346875 0.24131953125 0.11805546874999999 0.24479140625 0.112103125 0.25198437500000004 0.10978828125 0.25942421875 0.10879609374999999 0.2713296875 0.11045 0.27256953125 0.11342578125 0.2795140625 0.1150796875 0.28050625
2 0.1699734375 0.2571921875 0.17261875 0.25768828125 0.1772484375 0.25620078125 0.1875 0.248015625 0.19179921875 0.23660703125000002 0.189153125 0.22842265624999997 0.1812171875 0.22916640625 0.17592578125 0.22792656249999999 0.17328046875 0.22792656249999999 0.17085546875 0.22974531250000002 0.16203671875 0.23164687499999997 0.15476171875 0.2353671875 0.15509296875 0.24429531249999997 0.1610453125 0.24876015625 0.16534374999999998 0.2537203125 0.1699734375 0.2571921875
2 0.28306875 0.28174609375 0.28538359375 0.27529765624999997 0.2840609375 0.26686484374999997 0.28306875 0.26488125 0.2804234375 0.26537734375 0.27876953125 0.26240078125 0.28373046875 0.25868046875 0.28902109375 0.24429531249999997 0.2896828125 0.23487109374999998 0.28703671875 0.22792656249999999 0.28306875 0.226190625 0.277446875 0.22842265624999997 0.2675265625 0.23586328124999997 0.26157421875 0.241815625 0.2566140625 0.25198437500000004 0.25628281249999996 0.26066484375 0.2582671875 0.26636875 0.2748015625 0.27976171875 0.28306875 0.28174609375
2 0.31216953125 0.22544609375000002 0.31746015625 0.22743046875 0.32572734375 0.22569453125 0.3356484375 0.21825390625000002 0.33763203124999996 0.215278125 0.3445765625 0.21230156249999999 0.34523828125 0.20932578125 0.34259296875 0.20461328124999997 0.33862421875000004 0.20188515625 0.3260578125 0.19915703125 0.31845234375000003 0.20163671875000003 0.314153125 0.20163671875000003 0.306878125 0.20436484375 0.30357109375 0.20709296875 0.30191796875 0.20907734375000003 0.30456328125 0.21726171875000003 0.3098546875 0.21998984375 0.31216953125 0.22544609375000002
2 0.38822734375 0.226190625 0.39616406249999997 0.226934375 0.40013203124999996 0.22371015625 0.40806875 0.20858125 0.4143515625 0.20064453124999998 0.41236796875000004 0.19717265625 0.40410078125000004 0.19295625 0.39616406249999997 0.19246015625 0.3796296875 0.19791640625 0.36739453125 0.2075890625 0.36739453125 0.21081328125 0.37301562499999996 0.21998984375 0.3779765625 0.21949375 0.38822734375 0.226190625
2 0.33763203124999996 0.2673609375 0.3389546875 0.26760937500000004 0.35681250000000003 0.25694453125 0.36011875 0.25024765625 0.36871718750000004 0.241815625 0.369378125 0.232390625 0.36706328125 0.22817421875 0.35714296874999996 0.22420625 0.35350546875 0.22371015625 0.34953671875 0.22346249999999998 0.34325390625 0.2259421875 0.3373015625 0.22643828125 0.329034375 0.22867031249999997 0.32671953125000003 0.23214296874999998 0.32671953125000003 0.24107109375000002 0.32936484374999997 0.25595234375000003 0.33763203124999996 0.2673609375
2 0.39649453125 0.29885937500000004 0.398809375 0.29811484374999997 0.40773828125 0.30183515625 0.41302890625 0.3013390625 0.41600546875 0.30208359375 0.41765859375 0.30109140624999997 0.42625624999999995 0.28670625 0.43452343750000005 0.27926562499999996 0.435846875 0.27628984375 0.43353203125000006 0.2703375 0.4275796875 0.26760937500000004 0.42427265625 0.26810546875 0.42162734375 0.26512890625 0.41137578125 0.26413671875 0.39715625 0.26066484375 0.39616406249999997 0.2591765625 0.3885578125 0.25793671875 0.38194453125 0.26512890625 0.37996015625 0.26959296875 0.37996015625 0.273065625 0.3849203125 0.2859625 0.38955 0.28993046875 0.39649453125 0.29885937500000004
2 0.5505953124999999 0.549603125 0.5529101562500001 0.55580390625 0.55456328125 0.5669640625000001 0.5562171874999999 0.5682046875 0.5760578125 0.57043671875 0.59160078125 0.55381953125 0.59424609375 0.54935546875 0.5985453125 0.53720234375 0.5968914062499999 0.53149765625 0.5892859374999999 0.5282734375 0.58432578125 0.52157734375 0.57771171875 0.5198414062500001 0.5740742187500001 0.52083359375 0.567790625 0.5195929687499999 0.564153125 0.51636875 0.5525796875 0.51810546875 0.5486109375 0.5195929687499999 0.5433203125 0.5275296875000001 0.5426585937499999 0.52976171875 0.54662734375 0.53645859375 0.5469578125 0.5448906250000001 0.5505953124999999 0.549603125
2 0.5019843749999999 0.5994546875 0.52149453125 0.5915179687500001 0.527446875 0.58754921875 0.52976171875 0.58333359375 0.52447109375 0.5791171875 0.516534375 0.56746015625 0.5135578125 0.56572421875 0.50496015625 0.5689484375 0.498015625 0.57291640625 0.49041015625 0.57490078125 0.48478828125 0.5751484375 0.48015859375 0.58581328125 0.48048906249999995 0.59300625 0.48214296875 0.5957343749999999 0.48677265625 0.5977179687499999 0.5019843749999999 0.5994546875
2 0.8366398437499999 0.54662734375 0.84556875 0.5431546875000001 0.8492062499999999 0.54092265625 0.8482140625 0.5376984375 0.85163125 0.53621015625 0.8574734375 0.5359625 0.86078046875 0.53819453125 0.86375625 0.53745078125 0.8680554687500001 0.5290179687500001 0.8680554687500001 0.5240578124999999 0.8693781250000001 0.52182578125 0.8677250000000001 0.515625 0.8680554687500001 0.5099203125 0.8667328124999999 0.508184375 0.86441796875 0.507440625 0.8574734375 0.50967265625 0.8376320312500001 0.51810546875 0.8217593750000001 0.5292656250000001 0.8214289062500001 0.533978125 0.8154765625 0.5411703125 0.814153125 0.5448906250000001 0.8171296874999999 0.5486109375 0.8260578125 0.5491070312499999 0.8366398437499999 0.54662734375
2 0.82969609375 0.48115078125000005 0.8373015625000001 0.48189453125000004 0.8535054687500001 0.48189453125000004 0.86078046875 0.47941484375 0.8647484375 0.47544609375 0.8673945312500001 0.470734375 0.8660710937499999 0.4670140625 0.8700398437500001 0.46279765624999997 0.8673945312500001 0.46106171875 0.8614421875 0.45982109375 0.8260578125 0.45535703125 0.81679921875 0.46775781250000004 0.8164679687499999 0.470734375 0.8201054687499999 0.476190625 0.825396875 0.4796625 0.82969609375 0.48115078125000005
2 0.2599203125 0.8849203125 0.26521171875 0.887153125 0.2675265625 0.8958335937499999 0.2820765625 0.8869046875000001 0.28306875 0.88740078125 0.28538359375 0.88467265625 0.29431250000000003 0.8869046875000001 0.30026484375 0.8869046875000001 0.31051562499999996 0.8831843750000001 0.318121875 0.8730156250000001 0.318121875 0.8702875000000001 0.31018515625 0.86359140625 0.30191796875 0.86061484375 0.29464296874999996 0.85912734375 0.28836015625 0.8603671875 0.28306875 0.85962265625 0.27943125 0.8643351562499999 0.27546328125 0.862846875 0.2691796875 0.8623515625 0.25595234375000003 0.8650796875 0.251653125 0.86904765625 0.24768515624999998 0.8772320312499999 0.2470234375 0.8807046875 0.24966953125 0.8839289062500001 0.25396796875 0.8851687500000001 0.2599203125 0.8849203125
3 0.2106484375 0.72643828125 0.21660078125 0.7271828124999999 0.22056874999999998 0.72495078125 0.27943125 0.726190625 0.28339921874999996 0.72817421875 0.29100546875 0.7296625 0.29629609375 0.7326390625 0.30654765624999997 0.734375 0.310846875 0.7380953124999999 0.314153125 0.7383429687499999 0.3260578125 0.742559375 0.3300265625 0.746528125 0.33498671875 0.7482640625 0.34160078125000004 0.75595234375 0.34589921874999996 0.758184375 0.35086015625 0.7636406250000001 0.3554890625 0.76587265625 0.3574734375 0.77083359375 0.36342578125 0.7740578124999999 0.36441796875 0.7782734375 0.36904765624999997 0.7802578125 0.37003984375 0.7795140625 0.36739453125 0.77802578125 0.36607109375 0.7756078125 0.36607109375 0.7713296875 0.35879609375 0.7666171875 0.35714296874999996 0.75892890625 0.35317421875 0.7614085937499999 0.3518515625 0.75868046875 0.35350546875 0.75545625 0.35086015625 0.7539679687499999 0.34953671875 0.75148828125 0.34623046875 0.75074375 0.34589921874999996 0.7480156250000001 0.3429234375 0.74479140625 0.34325390625 0.742559375 0.347221875 0.737846875 0.3574734375 0.73685546875 0.35879609375 0.7361109375 0.35714296874999996 0.73487109375 0.3521828125 0.73462265625 0.34920625 0.73288671875 0.3445765625 0.73586328125 0.33498671875 0.73511875 0.31878281249999996 0.72891875 0.314153125 0.726190625 0.30621718750000004 0.72544609375 0.29431250000000003 0.7207343749999999 0.28670625 0.71899765625 0.2784390625 0.71850234375 0.26421953125000003 0.7150296875000001 0.24007968750000003 0.71354140625 0.2324734375 0.716021875 0.22056874999999998 0.7157734375 0.20469609375000003 0.71850234375 0.20337265625 0.7204859375 0.204034375 0.72395859375 0.20800234374999998 0.72842265625 0.2106484375 0.72643828125
3 0.46296328124999997 0.28918671875 0.47023828125 0.27901796874999996 0.47189140625 0.27083359375 0.47586015625 0.26364062499999996 0.47982812499999994 0.25148828125 0.4973546875 0.2157734375 0.50876328125 0.20176093750000001 0.5119046875000001 0.19965312500000001 0.5449734375 0.1904765625 0.5661375 0.1892359375 0.5720898437499999 0.19097187499999999 0.57506640625 0.1892359375 0.5727515624999999 0.18551562500000002 0.564153125 0.18427578125 0.56018515625 0.18229140625 0.553240625 0.1837796875 0.54761875 0.18129921875 0.5360453125 0.1837796875 0.52910078125 0.18204375 0.52579375 0.1837796875 0.52083359375 0.18402812500000001 0.51421953125 0.18626015625 0.5109125 0.18526796875 0.509259375 0.1817953125 0.51322734375 0.174603125 0.5138890625 0.1688984375 0.5185187499999999 0.1599703125 0.52182578125 0.15004921875 0.5261242187499999 0.1423609375 0.53009296875 0.13864062500000002 0.53075390625 0.13442421875 0.5433203125 0.12152812500000001 0.54927265625 0.1111109375 0.553240625 0.10887890625 0.560846875 0.10069453125000001 0.56283046875 0.09523828125 0.56580703125 0.09176562499999999 0.5661375 0.08878984375 0.57043671875 0.0838296875 0.57109765625 0.07986093749999999 0.56944453125 0.07911718749999999 0.5605156250000001 0.07886875 0.5558859375 0.08358125 0.54067421875 0.09970234375 0.53736796875 0.1076390625 0.53273828125 0.10962265625 0.52546328125 0.117559375 0.52347890625 0.1220234375 0.51719609375 0.12896796875 0.50859765625 0.14260937499999998 0.49900781250000004 0.16245078125 0.4900796875 0.17336328125 0.49140234375 0.17807578125 0.48644218749999996 0.19270859375 0.47321406250000003 0.21701406250000002 0.46560859375 0.2380953125 0.44907421875000003 0.2748015625 0.44874375000000005 0.27976171875 0.45006640625000005 0.28149765625 0.45833359375000005 0.289434375 0.46296328124999997 0.28918671875
3 0.45370390625 0.31026796874999996 0.45105781250000004 0.3005953125 0.44510546875 0.29811484374999997 0.44212968750000003 0.29786718749999996 0.44047656249999995 0.29885937500000004 0.43783046875 0.31051562499999996 0.4348546875 0.31373984374999997 0.43154765624999997 0.31473203125000004 0.4236109375 0.335565625 0.4236109375 0.34226171875 0.43617734375 0.34176562499999996 0.45105781250000004 0.32316484375 0.45370390625 0.31026796874999996
3 0.9596562499999999 0.27455390625 0.96362421875 0.2713296875 0.9768515624999999 0.25322421875 0.98412734375 0.2455359375 0.98743359375 0.23561484375 0.9943781250000001 0.23214296874999998 0.9937171875 0.22916640625 0.98677265625 0.22371015625 0.98313515625 0.226934375 0.97089921875 0.22371015625 0.96693125 0.22569453125 0.9649468750000001 0.2306546875 0.9302250000000001 0.28174609375 0.9117062499999999 0.3067953125 0.9107140625 0.3107640625 0.9123679687499999 0.31473203125000004 0.909721875 0.31845234375000003 0.90773828125 0.32614062499999996 0.90806875 0.3365578125 0.9120367187499999 0.33407734375000003 0.9560187499999999 0.28075390625 0.9596562499999999 0.27455390625
3 0.98941796875 0.21552578125 0.9907406249999999 0.21850234375 0.9884257812499999 0.220734375 0.98875625 0.2217265625 0.9900796875 0.222221875 0.9910710937499999 0.22048593749999998 0.99966953125 0.21924609374999998 0.99966953125 0.15376953124999998 0.99768515625 0.15401796875 0.9953703125000001 0.1634421875 0.98578046875 0.18650781249999998 0.97652109375 0.20064453124999998 0.9748679687499999 0.20461328124999997 0.9755289062499999 0.2103171875 0.98578046875 0.21329375 0.98941796875 0.21552578125
3 0.57837265625 0.7321429687500001 0.5810187499999999 0.7385914062500001 0.57738125 0.7415671875000001 0.5720898437499999 0.741815625 0.5691140625 0.7477679687500001 0.5727515624999999 0.752728125 0.5803570312499999 0.75595234375 0.5886242187499999 0.75793671875 0.59126953125 0.7609125 0.5985453125 0.765625 0.6150796875 0.7703375 0.62433828125 0.7698414062500001 0.6269843749999999 0.7686015625 0.6316140625 0.7626484375 0.6511242187499999 0.7477679687500001 0.6511242187499999 0.73983125 0.64186484375 0.726934375 0.6385578125 0.7244546875 0.630621875 0.72123046875 0.612103125 0.716021875 0.6071429687500001 0.71081328125 0.59953671875 0.70932578125 0.571759375 0.7088296875 0.5654765625 0.711309375 0.56481484375 0.7167656250000001 0.5760578125 0.72395859375 0.57837265625 0.72817421875 0.57837265625 0.7321429687500001
3 0.6316140625 0.82490078125 0.63921953125 0.824653125 0.64913984375 0.8258929687500001 0.65376953125 0.8244046875000001 0.65806875 0.8206843750000001 0.6663359375 0.8189484374999999 0.67625625 0.81101171875 0.6812171874999999 0.81001953125 0.68816171875 0.8048117187500001 0.69444453125 0.79662734375 0.6970898437499999 0.7948906250000001 0.69510546875 0.78670625 0.6994046875000001 0.78670625 0.7073414062500001 0.789434375 0.715278125 0.78745078125 0.7215609374999999 0.78819453125 0.722221875 0.7869546875 0.71759296875 0.78001015625 0.7142859374999999 0.7713296875 0.7056875 0.7619046875000001 0.6990742187500001 0.75942421875 0.6974203125 0.7544640625000001 0.6974203125 0.7480156250000001 0.694775 0.74404765625 0.6904765625 0.741815625 0.689153125 0.73958359375 0.6835320312500001 0.7390875 0.678240625 0.73983125 0.65773828125 0.746528125 0.65046328125 0.75 0.6359125 0.75967265625 0.61441796875 0.78918671875 0.61243359375 0.796875 0.60879609375 0.8040671875 0.60978828125 0.8177085937499999 0.61904765625 0.82886875 0.623346875 0.82663671875 0.6316140625 0.82490078125
