0 0.509259375 0.8338296875 0.5119046875000001 0.8348210937499999 0.51421953125 0.8375492187500001 0.5181875 0.83779765625 0.5284390625000001 0.8298609375 0.52976171875 0.8244046875000001 0.52943125 0.81398828125 0.5267859374999999 0.8102679687500001 0.5211640625 0.8067953125 0.51620390625 0.8072914062500001 0.5135578125 0.81001953125 0.50330703125 0.81324375 0.49404765624999997 0.81398828125 0.4973546875 0.815228125 0.49933828125 0.8189484374999999 0.5066140625 0.8258929687500001 0.509259375 0.8338296875
0 0.45105781250000004 0.74677578125 0.45502656249999995 0.7462796875000001 0.45899453125 0.7435515625 0.46296328124999997 0.7383429687499999 0.46329374999999995 0.73115078125 0.4623015625 0.7244546875 0.46097890625 0.7227179687499999 0.45899453125 0.72123046875 0.44279062500000005 0.7224703124999999 0.43716953125 0.72371015625 0.43419296875 0.72544609375 0.43419296875 0.73288671875 0.4375 0.73983125 0.44543671875 0.7452875 0.45105781250000004 0.74677578125
0 0.46263203124999996 0.71751015625 0.46660078125000004 0.71751015625 0.47453671875000003 0.7142859374999999 0.47916640624999995 0.70858125 0.47982812499999994 0.7008929687500001 0.47420625000000005 0.6939484375 0.46660078125000004 0.690971875 0.46263203124999996 0.6912203124999999 0.45105781250000004 0.694940625 0.44874375000000005 0.6974203125 0.44708984375 0.7013890625 0.44907421875000003 0.70833359375 0.45238125 0.71279765625 0.46263203124999996 0.71751015625
0 0.5135578125 0.72123046875 0.51620390625 0.7170140625 0.51686484375 0.6986609374999999 0.5122351562499999 0.69791640625 0.50595234375 0.6994046875000001 0.501653125 0.70362109375 0.49966953125 0.70808515625 0.498346875 0.7130453125 0.5 0.7167656250000001 0.5095898437499999 0.722221875 0.5135578125 0.72123046875
0 0.535053125 0.71552578125 0.53670625 0.71279765625 0.5360453125 0.70858125 0.53339921875 0.70386875 0.52546328125 0.69990078125 0.5231484375 0.7048609375 0.52248671875 0.7207343749999999 0.5261242187499999 0.721478125 0.531084375 0.71924609375 0.535053125 0.71552578125
0 0.85152109375 0.216765625 0.8541664062500001 0.21403750000000002 0.8558203125 0.20882968750000003 0.8535054687500001 0.20486093749999998 0.84160078125 0.2068453125 0.840278125 0.20907734375000003 0.84193125 0.215278125 0.84523828125 0.21726171875000003 0.85152109375 0.216765625
0 0.24603203125 0.047371093749999996 0.25 0.0438984375 0.25066171875 0.040674218750000005 0.24503984375 0.028521875000000002 0.24338593749999998 0.028273437499999998 0.23677265625000002 0.03100234375 0.22850546875000002 0.028521875000000002 0.22486796875 0.03348203125 0.22420625 0.0369546875 0.23214296874999998 0.047867187500000005 0.23611093749999998 0.050842968749999995 0.24603203125 0.047371093749999996
0 0.47453671875000003 0.6349203125 0.48313515625000003 0.6349203125 0.4861109375 0.63392890625 0.48941796875000004 0.63095234375 0.49140234375 0.6267359375 0.49140234375 0.62251953125 0.4861109375 0.6165671875000001 0.47817421875 0.61532734375 0.47420625000000005 0.61706328125 0.46660078125000004 0.62376015625 0.46097890625 0.62623984375 0.46163984375 0.6279765625 0.46759296875 0.63268828125 0.47056875 0.63293671875 0.47453671875000003 0.6349203125
2 0.3260578125 0.7286703125 0.33829375 0.72767890625 0.34193125 0.7301585937499999 0.34259296875 0.731646875 0.339946875 0.7366070312499999 0.34160078125000004 0.74454375 0.34424609375 0.7470234375 0.34259296875 0.7490078125 0.33068749999999997 0.7519843749999999 0.3373015625 0.7539679687499999 0.3389546875 0.7557046875 0.3485453125 0.757440625 0.35383593750000003 0.76711328125 0.3611109375 0.77356171875 0.36607109375 0.77232109375 0.36739453125 0.77356171875 0.3703703125 0.77331328125 0.37433828125 0.7676093749999999 0.3779765625 0.7666171875 0.38525156250000003 0.77182578125 0.3925265625 0.77157734375 0.39715625 0.7703375 0.39947109375 0.76711328125 0.40277812500000004 0.76537734375 0.40939140625 0.75868046875 0.42063515625000003 0.7519843749999999 0.46924609375 0.6540179687500001 0.47023828125 0.6463296875 0.46660078125000004 0.6436015625 0.45932578125 0.64087265625 0.44708984375 0.64112109375 0.443121875 0.63913671875 0.43518515625000004 0.64087265625 0.431878125 0.63913671875 0.4308859375 0.63442421875 0.4236109375 0.6334328124999999 0.41898125 0.6445929687499999 0.41336015625 0.64682578125 0.40410078125000004 0.64856171875 0.3998015625 0.65104140625 0.38624375 0.65575390625 0.380290625 0.65625 0.3611109375 0.66418671875 0.35681250000000003 0.664434375 0.35383593750000003 0.66592265625 0.3485453125 0.67683515625 0.35383593750000003 0.690228125 0.35317421875 0.69370078125 0.3482140625 0.69518828125 0.3373015625 0.69444453125 0.3300265625 0.69543671875 0.32208984375 0.70262890625 0.31977500000000003 0.70932578125 0.31481484375 0.71726171875 0.31481484375 0.7244546875 0.318121875 0.72916640625 0.3224203125 0.72643828125 0.3260578125 0.7286703125
2 0.62566171875 0.8045632812499999 0.632275 0.8062992187500001 0.64219609375 0.8134921875 0.65013203125 0.8174601562499999 0.66170625 0.8211804687500001 0.66336015625 0.8206843750000001 0.66567421875 0.8187007812499999 0.6683203125 0.81001953125 0.6689812500000001 0.8015874999999999 0.66534375 0.7932789062500001 0.66567421875 0.79092265625 0.6613757812500001 0.783978125 0.6593914062499999 0.7755453125 0.66336015625 0.7700890625000001 0.66302890625 0.7636406250000001 0.65839921875 0.7616570312500001 0.65046328125 0.7542164062500001 0.63558203125 0.753471875 0.6269843749999999 0.75595234375 0.62268515625 0.7591765625 0.6207007812499999 0.7636406250000001 0.6104499999999999 0.76636875 0.6064812500000001 0.7728171875000001 0.6064812500000001 0.7795140625 0.6134257812499999 0.7948906250000001 0.6207007812499999 0.7978671875 0.62566171875 0.8045632812499999
2 0.29993359375 0.5491070312499999 0.3234125 0.5505953124999999 0.336309375 0.5582835937499999 0.34160078125000004 0.559771875 0.38095234375000003 0.5607640625 0.40046328124999997 0.55381953125 0.41170625000000005 0.54836328125 0.4143515625 0.5486109375 0.42295 0.5533234375 0.4275796875 0.554315625 0.43154765624999997 0.5585320312500001 0.435515625 0.5582835937499999 0.439153125 0.55927578125 0.44973515624999993 0.55307578125 0.4586640625 0.5451390625 0.46362421875 0.53745078125 0.46362421875 0.53174609375 0.46097890625 0.52529765625 0.44907421875000003 0.5133929687500001 0.44047656249999995 0.50868046875 0.435846875 0.507440625 0.4312171875 0.5091765625 0.4292328125 0.512896875 0.4265875 0.51314453125 0.41964296875 0.5 0.40773828125 0.49404765624999997 0.3945109375 0.4928078125 0.3905421875 0.49404765624999997 0.3849203125 0.50248046875 0.38293671875 0.503471875 0.37929921875 0.50248046875 0.376653125 0.50024765625 0.3703703125 0.49925625 0.3574734375 0.50074375 0.33961640625 0.5009921875 0.33763203124999996 0.5022320312499999 0.33697109375 0.50620078125 0.3207671875 0.518353125 0.318121875 0.5178570312499999 0.30125625 0.52356171875 0.29133593750000003 0.5248015625 0.28902109375 0.5272820312500001 0.27876953125 0.53100234375 0.27447109375 0.53149765625 0.26488125 0.5369546875 0.26455 0.54092265625 0.27513203124999996 0.5458828125 0.29431250000000003 0.5498515625 0.29993359375 0.5491070312499999
2 0.2470234375 0.60987109375 0.25132265625 0.612103125 0.2566140625 0.612103125 0.2599203125 0.6133429687499999 0.26058203125 0.617559375 0.25925937499999996 0.6240078125 0.26322734375 0.64037734375 0.26984140624999997 0.6423609375 0.27513203124999996 0.6490578124999999 0.2804234375 0.65104140625 0.28306875 0.6542656250000001 0.2933203125 0.6572421875 0.2989421875 0.6609625 0.3058859375 0.663690625 0.3078703125 0.6634421875000001 0.31283046875 0.6671625 0.314153125 0.6696429687500001 0.318121875 0.671875 0.32208984375 0.6708828125 0.32308203125 0.65773828125 0.32208984375 0.65501015625 0.318121875 0.65575390625 0.3161375 0.6542656250000001 0.31878281249999996 0.65029765625 0.31878281249999996 0.64211328125 0.31448437500000004 0.6386406250000001 0.310846875 0.63988125 0.30621718750000004 0.6366570312500001 0.31216953125 0.62549609375 0.31580703125 0.6150796875 0.31679921875 0.59995078125 0.325396875 0.5954859375 0.33366406249999997 0.5828375 0.34160078125000004 0.57862109375 0.34325390625 0.5763890625 0.3429234375 0.5716765625 0.3392859375 0.5642359375 0.33763203124999996 0.56274765625 0.33366406249999997 0.56200390625 0.3224203125 0.56498046875 0.3098546875 0.5664679687499999 0.29728828125 0.56299609375 0.2857140625 0.56373984375 0.27513203124999996 0.5662203124999999 0.26455 0.57192421875 0.25198437500000004 0.58432578125 0.25 0.58779765625 0.25066171875 0.5927578125 0.24768515624999998 0.59895859375 0.24570078125 0.60788671875 0.2470234375 0.60987109375
2 0.3501984375 0.6478171875000001 0.35648124999999997 0.64583359375 0.3611109375 0.648065625 0.37268515625 0.6453375 0.3869046875 0.64608125 0.39682578125 0.6426093749999999 0.40178593749999997 0.63913671875 0.4070765625 0.637896875 0.41501328125 0.6383929687500001 0.41765859375 0.6423609375 0.41964296875 0.6426093749999999 0.42394218749999996 0.6383929687500001 0.42526484375000007 0.63293671875 0.42427265625 0.62996015625 0.41865078125000005 0.6267359375 0.41203671875000003 0.61830390625 0.40112421875 0.6150796875 0.38425937499999996 0.61433515625 0.37268515625 0.6178078124999999 0.35350546875 0.62574375 0.347221875 0.6292164062500001 0.34126953125 0.63467265625 0.33796328125 0.6383929687500001 0.339946875 0.6443453124999999 0.34623046875 0.64756953125 0.3501984375 0.6478171875000001
2 0.7417328125 0.48214296875 0.744378125 0.48363125 0.751653125 0.49652812500000004 0.7595898437499999 0.50024765625 0.7695109375 0.50768828125 0.78240703125 0.51512890625 0.8009257812499999 0.5240578124999999 0.8111773437500001 0.53199375 0.81580703125 0.53745078125 0.82374375 0.5429070312500001 0.8336640624999999 0.5525796875 0.84556875 0.5607640625 0.8508601562500001 0.56225234375 0.8647484375 0.57018828125 0.8723546875 0.57142890625 0.8928570312499999 0.57018828125 0.8941796875 0.56795625 0.89219609375 0.5644843749999999 0.8865742187500001 0.5602679687500001 0.8240742187500001 0.49379921875 0.814153125 0.48883906250000003 0.8062171875 0.48834296874999994 0.8025796875 0.48511875 0.79761875 0.48412734375 0.7933203125 0.48015859375 0.781415625 0.47916640624999995 0.77413984375 0.476190625 0.76488125 0.4704859375 0.7638890625 0.46825390625 0.757275 0.46453359375 0.755621875 0.46180546875 0.7380953124999999 0.4615578125 0.73677265625 0.4630453125 0.74206328125 0.46751015625000003 0.7433859375 0.46998984374999997 0.7417328125 0.48214296875
2 0.7384257812499999 0.32316484375 0.7513226562499999 0.34449375 0.75859765625 0.35267890625 0.7602515624999999 0.35689453125 0.76421953125 0.35987109375 0.7681875 0.36532734375000003 0.79662734375 0.38368046875 0.79927265625 0.38864062499999996 0.81679921875 0.39930546875 0.82870390625 0.40873046874999996 0.84589921875 0.41641874999999995 0.86011875 0.42137890625 0.8700398437500001 0.42683515625 0.8832671875000001 0.42857109375 0.90112421875 0.429315625 0.9054234375 0.429315625 0.909721875 0.4275796875 0.90509296875 0.423859375 0.8945109375 0.42038671875 0.8869046875000001 0.414434375 0.8703703125000001 0.4045140625 0.8667328124999999 0.4015375 0.86375625 0.39657734375000003 0.84556875 0.3841765625 0.84160078125 0.37822421875 0.8379632812500001 0.37574375 0.8300265625 0.3732640625 0.82572734375 0.36904765624999997 0.8181218749999999 0.36532734375000003 0.81018515625 0.3650796875 0.8055554687500001 0.3611109375 0.80654765625 0.3576390625 0.8134921875 0.35168671875 0.8154765625 0.34623046875 0.81481484375 0.341021875 0.79563515625 0.3224203125 0.7804234375 0.31126015625000003 0.77513203125 0.30481171875 0.77050234375 0.30282734375000003 0.76884921875 0.29885937500000004 0.76124375 0.29588281250000004 0.75231484375 0.2904265625 0.74404765625 0.2829859375 0.7361109375 0.2782734375 0.72817421875 0.27083359375 0.71660078125 0.26463281250000004 0.71296328125 0.26512890625 0.71163984375 0.2686015625 0.70899453125 0.27058515625 0.7056875 0.26984140624999997 0.700396875 0.27058515625 0.6957671875 0.26959296875 0.69444453125 0.27083359375 0.6941140625 0.27579375 0.68816171875 0.27876953125 0.6917992187500001 0.28348203125000004 0.685846875 0.2869546875 0.681878125 0.2951390625 0.68154765625 0.30282734375000003 0.6835320312500001 0.3087796875 0.68716953125 0.31274765625 0.7384257812499999 0.32316484375
