0 0 0.5 0.007605468749999999 0.50049609375 0.01058203125 0.49975234375 0.014881249999999999 0.49603203125000006 0.017526562500000002 0.49057578125 0.018187500000000002 0.48536718749999996 0.014881249999999999 0.47569453125 0.00958984375 0.47247031249999993 0.00396796875 0.47123046874999996 0 0.47172656249999995 0 0.5
0 0.42691796875000004 0.7767859374999999 0.435515625 0.7770335937499999 0.43518515625000004 0.7700890625000001 0.42824062500000004 0.76413671875 0.4236109375 0.7614085937499999 0.41997343750000005 0.76066484375 0.4146828125 0.7626484375 0.413690625 0.7633929687500001 0.4143515625 0.76537734375 0.42328046874999997 0.7755453125 0.42691796875000004 0.7767859374999999
0 0.40839921874999996 0.7795140625 0.413690625 0.77504921875 0.413690625 0.76686484375 0.40806875 0.76066484375 0.3978171875 0.7626484375 0.39682578125 0.7633929687500001 0.40013203124999996 0.7700890625000001 0.40046328124999997 0.7755453125 0.40839921874999996 0.7795140625
0 0.44345234375000003 0.799603125 0.44708984375 0.7948906250000001 0.43518515625000004 0.7832343749999999 0.4236109375 0.78100234375 0.41898125 0.78745078125 0.41865078125000005 0.79166640625 0.42030390625 0.7948906250000001 0.43882265625 0.8008429687499999 0.44345234375000003 0.799603125
0 0.46197109375 0.7790179687500001 0.46726171875 0.77529765625 0.4679234375 0.7700890625000001 0.46461640624999995 0.76587265625 0.46197109375 0.76438515625 0.45899453125 0.7636406250000001 0.45469609375 0.76438515625 0.45171953125000003 0.765625 0.44874375000000005 0.76884921875 0.44808203124999996 0.77529765625 0.45238125 0.77876953125 0.45535703125 0.7795140625 0.46197109375 0.7790179687500001
0 0.4603171875 0.8048117187500001 0.46924609375 0.8060515625000001 0.47354531250000004 0.8055554687500001 0.47586015625 0.8038195312499999 0.4768515625 0.7948906250000001 0.47089921874999996 0.7929070312500001 0.464946875 0.793403125 0.45899453125 0.79191484375 0.4530421875 0.7938984375 0.45171953125000003 0.7948906250000001 0.45171953125000003 0.7988593749999999 0.45370390625 0.8023312499999999 0.4603171875 0.8048117187500001
0 0.47453671875000003 0.8370539062500001 0.48214296875 0.8370539062500001 0.48313515625000003 0.8325890625 0.48214296875 0.8298609375 0.4788359375 0.82663671875 0.47453671875000003 0.8241570312500001 0.47056875 0.8236609375 0.46825390625 0.824653125 0.46626953125000004 0.8261406250000001 0.46726171875 0.8301093749999999 0.47123046874999996 0.8345734374999999 0.47453671875000003 0.8370539062500001
0 0.4768515625 0.01810546875 0.4768515625 0.013144531249999999 0.4751984375 0.0091765625 0.47288359375000005 0.0057046875 0.47056875 0.0047125 0.464946875 0.0044640625 0.45634921874999995 0.0062007812500000006 0.45337265625 0.011160937499999999 0.4530421875 0.017609375 0.46296328124999997 0.02232109375 0.47453671875000003 0.020089062499999998 0.4768515625 0.01810546875
0 0.4236109375 0.037450781249999995 0.42625624999999995 0.03348203125 0.42691796875000004 0.029265625 0.42261875 0.0240578125 0.41964296875 0.02232109375 0.41170625000000005 0.0220734375 0.40873046874999996 0.02430546875 0.40873046874999996 0.03199375 0.410053125 0.03521796875 0.41567421875 0.038690625 0.4236109375 0.037450781249999995
0 0.44179921875000006 0.04538671875 0.44874375000000005 0.04092265625 0.44510546875 0.03546640625 0.43816171875 0.03199375 0.42956328125 0.03199375 0.4272484375 0.03348203125 0.42791015625 0.044146875 0.435515625 0.049603125 0.439153125 0.04836328125 0.44179921875000006 0.04538671875
0 0.48809531249999993 0.08482109374999999 0.49107109375 0.0828375 0.49537031249999997 0.07614062499999999 0.49702343750000005 0.06795625 0.494378125 0.06423593749999999 0.4897484375 0.06026796875 0.48313515625000003 0.06026796875 0.47850546875 0.06299609375000001 0.4751984375 0.0682046875 0.47486796875000004 0.07291640625 0.47817421875 0.080853125 0.48214296875 0.0845734375 0.48809531249999993 0.08482109374999999
0 0.49768515625000004 0.09176562499999999 0.5135578125 0.08878984375 0.5155421875 0.08035703125 0.51521171875 0.07614062499999999 0.505621875 0.0689484375 0.501653125 0.06770859375 0.49768515625000004 0.0689484375 0.49702343750000005 0.07663671875 0.49206328125 0.0838296875 0.49305546875 0.086309375 0.49768515625000004 0.09176562499999999
0 0.52876953125 0.09796640625 0.53703671875 0.0982140625 0.54067421875 0.096478125 0.5426585937499999 0.09251015625 0.5423281249999999 0.08779765625 0.5393515625 0.08358125 0.53306875 0.07886875 0.52546328125 0.07688515625 0.5185187499999999 0.07713281250000001 0.51587265625 0.07862109375000001 0.51488125 0.08134921875 0.5138890625 0.08754921875 0.51488125 0.0900296875 0.5231484375 0.09623046874999999 0.52876953125 0.09796640625
0 0.5066140625 0.116815625 0.5135578125 0.1192953125 0.5175265625 0.11954374999999999 0.5201718750000001 0.11780781250000001 0.52447109375 0.112103125 0.52513203125 0.10441484375000001 0.52347890625 0.09895859375 0.5135578125 0.0892859375 0.5039679687499999 0.090278125 0.49768515625000004 0.09399765624999999 0.49702343750000005 0.09970234375 0.498015625 0.10342265625 0.5046296875 0.11185546875 0.5066140625 0.116815625
0 0.49305546875 0.12351171875 0.50231484375 0.12276796875 0.50595234375 0.1192953125 0.505621875 0.11359140625 0.49537031249999997 0.10218281250000001 0.4900796875 0.09871015625 0.48511875 0.09871015625 0.48214296875 0.09970234375 0.47916640624999995 0.10243046874999999 0.47949765624999996 0.1138390625 0.4844578125 0.12003984375000001 0.48941796875000004 0.12276796875 0.49305546875 0.12351171875
0 0.45535703125 0.10962265625 0.45800234375000004 0.11359140625 0.46263203124999996 0.11631953125000001 0.46660078125000004 0.11656718749999999 0.47189140625 0.1103671875 0.47354531250000004 0.10044609374999999 0.472553125 0.09176562499999999 0.46759296875 0.08581328125 0.45932578125 0.0828375 0.4530421875 0.08482109374999999 0.44940468750000007 0.0892859375 0.4477515625 0.09176562499999999 0.4477515625 0.0974703125 0.45105781250000004 0.1063984375 0.45535703125 0.10962265625
0 0.4275796875 0.11284687499999999 0.43419296875 0.10540703124999999 0.43452343750000005 0.0982140625 0.4292328125 0.09325390624999999 0.42427265625 0.09126953125000001 0.41798906249999995 0.09275781250000001 0.41600546875 0.09424609375000001 0.4163359375 0.0994546875 0.41997343750000005 0.109375 0.4219578125 0.111359375 0.4275796875 0.11284687499999999
0 0.54001328125 0.10243046874999999 0.53736796875 0.09970234375 0.53306875 0.09796640625 0.52513203125 0.09771796875 0.523809375 0.09871015625 0.52447109375 0.1150796875 0.53703671875 0.12003984375000001 0.5439812500000001 0.111359375 0.54001328125 0.10243046874999999
0 0.53736796875 0.12623984375 0.5449734375 0.12996015625 0.55654765625 0.1321921875 0.5598546875 0.1267359375 0.5595234375 0.12276796875 0.556878125 0.11731171874999999 0.5525796875 0.1130953125 0.54530390625 0.109375 0.54100546875 0.10962265625 0.53670625 0.117559375 0.5340609374999999 0.11879921874999999 0.5340609374999999 0.123015625 0.53736796875 0.12623984375
0 0.5525796875 0.14384921875 0.55489453125 0.14037734375 0.55489453125 0.132440625 0.5393515625 0.12723203125 0.53670625 0.12276796875 0.53306875 0.1232640625 0.53273828125 0.12425625 0.5320765625 0.133184375 0.53373046875 0.13864062500000002 0.5486109375 0.14459296875 0.5525796875 0.14384921875
0 0.5426585937499999 0.15699375 0.54728828125 0.15079375 0.54728828125 0.14608125 0.5449734375 0.1423609375 0.53306875 0.13665703125 0.52943125 0.1423609375 0.52976171875 0.148809375 0.534721875 0.15575390625000002 0.54001328125 0.15748984375 0.5426585937499999 0.15699375
0 0.58300234375 0.10987109375 0.58829375 0.10987109375 0.59490703125 0.10689453125 0.5985453125 0.09895859375 0.59556875 0.09325390624999999 0.5929234375 0.0907734375 0.58763203125 0.08854140625 0.5800265625 0.08705390625000001 0.5734125 0.08953359375 0.5691140625 0.09449375 0.5687828125000001 0.0994546875 0.57142890625 0.10416640625 0.57870390625 0.10863125 0.58300234375 0.10987109375
0 0.57671953125 0.12003984375000001 0.579034375 0.123015625 0.58399453125 0.12574375 0.58763203125 0.12450390625 0.5906085937500001 0.1192953125 0.590278125 0.1083828125 0.5889546875 0.1076390625 0.571759375 0.107390625 0.5720898437499999 0.10949921874999999 0.56845234375 0.1150796875 0.5691140625 0.11631953125000001 0.57671953125 0.12003984375000001
0 0.5800265625 0.137896875 0.58498671875 0.1314484375 0.58465625 0.125 0.57771171875 0.122271875 0.57572734375 0.11954374999999999 0.5691140625 0.11830390625000001 0.56746015625 0.11904765625 0.56481484375 0.12475234375 0.5638226562499999 0.1307046875 0.567790625 0.13293671875 0.5724203125 0.1376484375 0.5800265625 0.137896875
2 0.737103125 0.2557046875 0.7433859375 0.258184375 0.7463625 0.2713296875 0.755621875 0.2842265625 0.7599203125 0.28720234375000003 0.76421953125 0.284721875 0.77182578125 0.27728203125 0.7748015625 0.27083359375 0.77910078125 0.26810546875 0.78174609375 0.262896875 0.7923281249999999 0.25223203125000004 0.79563515625 0.24007968750000003 0.79034375 0.23189453124999998 0.78836015625 0.2217265625 0.78306875 0.21875 0.777446875 0.21875 0.7681875 0.222221875 0.75231484375 0.21998984375 0.74503984375 0.22048593749999998 0.7397484375000001 0.23214296874999998 0.7404101562500001 0.2373515625 0.744378125 0.248015625 0.7384257812499999 0.2517359375 0.737103125 0.2557046875
2 0.8406085937500001 0.6736109375 0.84226171875 0.67733125 0.8399468750000001 0.68129921875 0.8339945312499999 0.6855156250000001 0.829034375 0.69370078125 0.82837265625 0.6974203125 0.8306875 0.70064453125 0.82936484375 0.7051093749999999 0.8310187499999999 0.70907734375 0.825396875 0.71106171875 0.8214289062500001 0.7167656250000001 0.8187828125 0.7177578125 0.8098546875 0.71825390625 0.79927265625 0.7207343749999999 0.79034375 0.7204859375 0.78240703125 0.7229664062500001 0.77876953125 0.72743046875 0.7764546875 0.72842265625 0.77513203125 0.7321429687500001 0.77149453125 0.73462265625 0.76620390625 0.7361109375 0.77513203125 0.7428078124999999 0.7893515625 0.746528125 0.79927265625 0.75148828125 0.8144843749999999 0.753471875 0.8214289062500001 0.75123984375 0.8320109375 0.74950390625 0.84325390625 0.73983125 0.8531742187500001 0.7361109375 0.8614421875 0.7353671875 0.8650796875 0.73115078125 0.87268515625 0.7279265625 0.88095234375 0.716021875 0.8859125000000001 0.6989085937499999 0.8928570312499999 0.69072421875 0.8958335937499999 0.6827875 0.8991398437499999 0.67782734375 0.9001320312500001 0.6701390625 0.8958335937499999 0.6584820312499999 0.8945109375 0.6426093749999999 0.8928570312499999 0.6416171875 0.88921953125 0.65128984375 0.88756640625 0.6540179687500001 0.8852515625 0.65501015625 0.880290625 0.65550625 0.87533046875 0.6545140625 0.8660710937499999 0.648809375 0.85813515625 0.6478171875000001 0.8508601562500001 0.6498015625 0.843915625 0.65376953125 0.84193125 0.65773828125 0.8406085937500001 0.66592265625 0.84160078125 0.669146875 0.8406085937500001 0.6736109375
