0 0.4070765625 0.7911703125 0.41203671875000003 0.7921625 0.41501328125 0.79141875 0.41732812499999994 0.78645859375 0.4143515625 0.78248984375 0.41104531250000004 0.78100234375 0.402446875 0.78149765625 0.40046328124999997 0.7829859375 0.40079374999999995 0.7869546875 0.40211640624999995 0.78819453125 0.4070765625 0.7911703125
0 0.3945109375 0.8025796875 0.391534375 0.800346875 0.38095234375000003 0.79737109375 0.3779765625 0.7986109375 0.37566171875 0.8013390625 0.37533046875 0.8067953125 0.380290625 0.809771875 0.3885578125 0.8062992187500001 0.3945109375 0.8025796875
0 0.39219609375000003 0.86185546875 0.39649453125 0.859375 0.3981484375 0.8544148437500001 0.3978171875 0.8506945312499999 0.39682578125 0.8484624999999999 0.39285703125000004 0.84498984375 0.38458984375 0.84399765625 0.3779765625 0.84796640625 0.37632265625 0.8506945312499999 0.37566171875 0.8571429687500001 0.37929921875 0.86086328125 0.38392890625 0.862103125 0.39219609375000003 0.86185546875
0 0.40046328124999997 0.8678078125 0.40806875 0.87450390625 0.41567421875 0.8740078125 0.41798906249999995 0.86904765625 0.41600546875 0.8645835937499999 0.4126984375 0.8633429687499999 0.406415625 0.85788671875 0.40410078125000004 0.8544148437500001 0.40112421875 0.8573906250000001 0.40277812500000004 0.8611109375 0.40013203124999996 0.862103125 0.39913984375 0.8638390625 0.40046328124999997 0.8678078125
0 0.3885578125 0.887896875 0.395171875 0.88913671875 0.40410078125000004 0.8888890625 0.40740703125 0.88467265625 0.40674609375 0.87822421875 0.40013203124999996 0.875 0.39616406249999997 0.87623984375 0.3925265625 0.8730156250000001 0.37929921875 0.8797124999999999 0.37830703125 0.88095234375 0.380621875 0.8854164062500001 0.3849203125 0.8859125000000001 0.3885578125 0.887896875
0 0.35383593750000003 0.8836804687500001 0.3611109375 0.887153125 0.36904765624999997 0.8856648437500001 0.37003984375 0.8844242187500001 0.3713625 0.8769843749999999 0.3614421875 0.86904765625 0.35714296874999996 0.8678078125 0.34556875 0.8680554687500001 0.343915625 0.86904765625 0.3409390625 0.87475234375 0.34126953125 0.87921640625 0.3445765625 0.8824406249999999 0.34953671875 0.8839289062500001 0.35383593750000003 0.8836804687500001
0 0.35714296874999996 0.86011875 0.35912734375 0.8576390625 0.35813515625000003 0.85342265625 0.34953671875 0.846478125 0.34523828125 0.8459820312499999 0.3429234375 0.847221875 0.340278125 0.8531742187500001 0.34160078125000004 0.8583828125 0.35317421875 0.86061484375 0.35714296874999996 0.86011875
0 0.3263890625 0.8633429687499999 0.332671875 0.8603671875 0.33432578125 0.8529265625000001 0.3260578125 0.84523828125 0.32208984375 0.8447421875 0.31944453125 0.846478125 0.31646796875 0.8494546875 0.31878281249999996 0.8583828125 0.32208984375 0.8623515625 0.3263890625 0.8633429687499999
0 0.4236109375 0.9263390625 0.42427265625 0.9228671875 0.42328046874999997 0.9198906250000001 0.4183203125 0.9149304687500001 0.41203671875000003 0.9129460937499999 0.406084375 0.9144343750000001 0.40476171875 0.9171625000000001 0.4070765625 0.92261875 0.41567421875 0.9265874999999999 0.4236109375 0.9263390625
0 0.30621718750000004 0.59995078125 0.31150781250000004 0.59523828125 0.32175937499999996 0.5895335937499999 0.32308203125 0.58779765625 0.3224203125 0.58407734375 0.31845234375000003 0.58060546875 0.314153125 0.5798609375 0.2986109375 0.58432578125 0.29133593750000003 0.590278125 0.29100546875 0.59226171875 0.29398124999999997 0.5957343749999999 0.3025796875 0.6001984375 0.30621718750000004 0.59995078125
0 0.32738125 0.6361609374999999 0.32870390625 0.6297125 0.325396875 0.6272320312499999 0.318121875 0.6259921875 0.31183828125 0.6292164062500001 0.30853203125 0.632440625 0.30621718750000004 0.6369046875000001 0.30654765624999997 0.6463296875 0.31051562499999996 0.64955390625 0.3191140625 0.644096875 0.32738125 0.6361609374999999
0 0.82208984375 0.43526796875 0.82506640625 0.43377968750000007 0.8303570312499999 0.43501953125000004 0.8339945312499999 0.43253984375 0.8343257812499999 0.42956328125 0.8330023437499999 0.42584296874999994 0.8263890625 0.42311484374999997 0.82308203125 0.41964296875 0.8187828125 0.41765859375 0.8098546875 0.41641874999999995 0.8075398437500001 0.41765859375 0.8062171875 0.42038671875 0.8068781250000001 0.42782734375000003 0.8138226562499999 0.43229140624999995 0.8201054687499999 0.43353203125000006 0.82208984375 0.43526796875
0 0.810846875 0.40401796875 0.8125 0.40277812500000004 0.8125 0.3990578125 0.80654765625 0.394096875 0.80026484375 0.39310546875 0.7986109375 0.393353125 0.79662734375 0.3953375 0.79662734375 0.39682578125 0.80291015625 0.40277812500000004 0.80654765625 0.40401796875 0.810846875 0.40401796875
0 0.7986109375 0.37078359375000003 0.80125625 0.36731171875 0.8032406249999999 0.36185546875 0.8015874999999999 0.35863125 0.7989421875 0.356646875 0.79365078125 0.3549109375 0.78373046875 0.35441484375 0.7820765625 0.355903125 0.78174609375 0.36135937500000004 0.785053125 0.36483125 0.7949734375 0.3712796875 0.7986109375 0.37078359375000003
0 0.876653125 0.27058515625 0.8786375 0.26760937500000004 0.8779765625 0.26339296874999996 0.8812828125 0.2557046875 0.88095234375 0.25198437500000004 0.87929921875 0.24950390625000002 0.876653125 0.24751953124999998 0.8683859375 0.24950390625000002 0.8640874999999999 0.2557046875 0.8634257812499999 0.2611609375 0.86441796875 0.26413671875 0.86904765625 0.2686015625 0.876653125 0.27058515625
