0 0.22089921875 0.50793671875 0.23578046874999997 0.49975234375 0.24041015625 0.4942953125 0.2417328125 0.48958359375000005 0.23776484375 0.48412734375 0.22652109375 0.476190625 0.2195765625 0.4751984375 0.21362421875 0.47668671875 0.20238125 0.48412734375 0.19543671875 0.49404765624999997 0.1957671875 0.49900781250000004 0.20568749999999997 0.5057046875 0.20866406249999997 0.50694453125 0.22089921875 0.50793671875
0 0.24007968750000003 0.52331328125 0.24107109375000002 0.52256953125 0.24371718750000002 0.5173609375 0.24338593749999998 0.51314453125 0.24140234375 0.507440625 0.2364421875 0.49950390625 0.23412734375 0.5019843749999999 0.22751328124999998 0.5047125 0.2232140625 0.50793671875 0.2215609375 0.5114085937499999 0.2215609375 0.51413671875 0.22850546875000002 0.5195929687499999 0.23611093749999998 0.5228171875000001 0.24007968750000003 0.52331328125
0 0.19179921875 0.48115078125000005 0.20072734374999998 0.47916640624999995 0.20899453124999998 0.47495078125 0.2159390625 0.46726171875 0.215278125 0.4603171875 0.20535703125000002 0.45238125 0.1994046875 0.45362109375 0.189153125 0.45858125000000005 0.181878125 0.46850234375 0.17625625 0.4734625 0.1755953125 0.47470234375000003 0.1775796875 0.47817421875 0.18518515625 0.48139843750000005 0.19179921875 0.48115078125000005
0 0.17394218749999998 0.41121015625 0.18816171875 0.40525781250000004 0.20039687499999997 0.39657734375000003 0.20568749999999997 0.38839296874999996 0.2050265625 0.37748046875 0.20039687499999997 0.37723203125000004 0.17791015625 0.3685515625 0.17162734375 0.36954375 0.1607140625 0.37599218749999996 0.15476171875 0.38467265624999997 0.15310859375000002 0.38938515625000003 0.152446875 0.3970734375 0.15443125 0.40401796875 0.1590609375 0.40699375 0.17394218749999998 0.41121015625
0 0.19113750000000002 0.315971875 0.1977515625 0.31498046875 0.20866406249999997 0.31001953125 0.21660078125 0.3025796875 0.22056874999999998 0.29439453125 0.2195765625 0.2869546875 0.21296328125000002 0.27901796874999996 0.2010578125 0.273809375 0.19179921875 0.2740578125 0.18551562500000002 0.27604140625 0.17791015625 0.28174609375 0.17394218749999998 0.29067421875 0.17394218749999998 0.299603125 0.1772484375 0.30729140625 0.18320078125 0.31448437500000004 0.19113750000000002 0.315971875
0 0.29398124999999997 0.72023828125 0.3025796875 0.71850234375 0.30820078125 0.71279765625 0.310846875 0.7130453125 0.31448437500000004 0.71180546875 0.3161375 0.71006953125 0.31746015625 0.7051093749999999 0.31845234375000003 0.7051093749999999 0.31481484375 0.70436484375 0.3151453125 0.7011406250000001 0.310846875 0.6939484375 0.30390234375 0.690971875 0.3025796875 0.68898828125 0.29067421875 0.6904765625 0.28174609375 0.6974203125 0.2784390625 0.70362109375 0.2784390625 0.7088296875 0.28306875 0.71726171875 0.28670625 0.71924609375 0.29398124999999997 0.72023828125
0 0.28306875 0.68253984375 0.2893515625 0.68253984375 0.29398124999999997 0.6817953125 0.30092578125 0.6783234375 0.30456328125 0.6696429687500001 0.29662734375 0.65625 0.29100546875 0.6525296875000001 0.27910078125000004 0.6545140625 0.27513203124999996 0.664434375 0.27513203124999996 0.674603125 0.27711640625 0.6790671875000001 0.27943125 0.68080390625 0.28306875 0.68253984375
0 0.2675265625 0.6607140625000001 0.27347890625 0.6584820312499999 0.27976171875 0.65029765625 0.2804234375 0.6463296875 0.2748015625 0.6396328125 0.27050234375 0.6383929687500001 0.26455 0.63368046875 0.26058203125 0.6334328124999999 0.25 0.64112109375 0.2470234375 0.64732109375 0.2470234375 0.6579859375 0.25132265625 0.66245078125 0.255621875 0.66319453125 0.2675265625 0.6607140625000001
0 0.23214296874999998 0.61607109375 0.23908749999999998 0.6150796875 0.251653125 0.6111109375 0.25496015625 0.60887890625 0.262896875 0.5994546875 0.262896875 0.5954859375 0.2582671875 0.59126953125 0.25 0.58854140625 0.24503984375 0.58432578125 0.2397484375 0.58358125 0.23611093749999998 0.58506953125 0.22850546875000002 0.5915179687500001 0.22288359375 0.6029265625 0.222553125 0.6076390625 0.22420625 0.6116070312499999 0.22850546875000002 0.61483125 0.23214296874999998 0.61607109375
0 0.2764546875 0.6210320312500001 0.2820765625 0.62003984375 0.2820765625 0.61458359375 0.27910078125000004 0.606646875 0.27050234375 0.6046625 0.26587265625 0.605903125 0.26058203125 0.61011875 0.2609125 0.62177578125 0.2635578125 0.6267359375 0.2675265625 0.6272320312499999 0.2764546875 0.6210320312500001
2 0.48015859375 0.76636875 0.48478828125 0.7765375 0.49074062500000004 0.78199375 0.49239453125 0.78720234375 0.49537031249999997 0.79017890625 0.50793671875 0.8229164062500001 0.50760546875 0.8363093750000001 0.50892890625 0.8417656250000001 0.5248015625 0.85615078125 0.52910078125 0.85863125 0.53174609375 0.86532734375 0.5446429687500001 0.878471875 0.5486109375 0.88095234375 0.5582007812499999 0.8730156250000001 0.5615078125 0.8685515625000001 0.56316171875 0.8613593749999999 0.5687828125000001 0.84796640625 0.5770500000000001 0.8365578125 0.58763203125 0.81498046875 0.58763203125 0.81324375 0.586309375 0.8125 0.59193125 0.7946429687500001 0.59556875 0.78720234375 0.5968914062499999 0.777778125 0.6054890625 0.7728171875000001 0.60780390625 0.76884921875 0.61078046875 0.73586328125 0.60615078125 0.72495078125 0.601190625 0.71899765625 0.586309375 0.70907734375 0.5770500000000001 0.6932046875 0.568121875 0.68204375 0.5634921875 0.679315625 0.5615078125 0.6760914062500001 0.55456328125 0.67212265625 0.5443125 0.67113125 0.53703671875 0.66865078125 0.52579375 0.67807578125 0.51058203125 0.67509921875 0.5013226562499999 0.6758429687499999 0.4861109375 0.6803078124999999 0.47453671875000003 0.6865078125 0.468915625 0.6939484375 0.46428593749999997 0.7167656250000001 0.46461640624999995 0.7323906250000001 0.46924609375 0.73933515625 0.47222187499999996 0.75520859375 0.48015859375 0.76636875
2 0.46263203124999996 0.53819453125 0.46693125 0.55753984375 0.46593906250000006 0.56498046875 0.4679234375 0.57564453125 0.48214296875 0.580853125 0.48545 0.585565625 0.4897484375 0.58754921875 0.49140234375 0.5917656250000001 0.49669296875 0.5957343749999999 0.5009921875 0.60863125 0.54067421875 0.64682578125 0.54563515625 0.6490578124999999 0.5502648437500001 0.6542656250000001 0.568121875 0.66145859375 0.57671953125 0.64856171875 0.57837265625 0.6436015625 0.58763203125 0.62748046875 0.59226171875 0.622271875 0.5988757812500001 0.6113593749999999 0.6021828124999999 0.5984625 0.6094578125 0.59300625 0.61078046875 0.58754921875 0.61607109375 0.580853125 0.6183859375 0.56795625 0.62533046875 0.5605156250000001 0.6312828125000001 0.55729140625 0.63624375 0.54836328125 0.64384921875 0.5446429687500001 0.6451718750000001 0.5352179687499999 0.6445109375 0.52529765625 0.65013203125 0.5133929687500001 0.65079375 0.50620078125 0.648809375 0.49751953125000004 0.6451718750000001 0.49131953125 0.6448414062500001 0.4861109375 0.6435187499999999 0.48412734375 0.62996015625 0.47172656249999995 0.62731484375 0.46800625 0.6223546875 0.46478203125000006 0.6203703125 0.46180546875 0.6104499999999999 0.45610156249999995 0.59193125 0.45089296875 0.57969609375 0.4513890625 0.5734125 0.44816484375 0.568121875 0.44816484375 0.54927265625 0.4439484375 0.5446429687500001 0.44419609375 0.5393515625 0.4422125 0.5284390625000001 0.44171640625 0.5178570312499999 0.44419609375 0.51521171875 0.44642890625 0.50231484375 0.44990078125000005 0.4933859375 0.45362109375 0.48545 0.4595734375 0.48148125 0.46502968750000007 0.47652109375 0.46924609375 0.47552890625 0.47296640625 0.47751328125 0.47767890625 0.4771828125 0.48214296875 0.468915625 0.4928078125 0.45899453125 0.51884921875 0.45932578125 0.52802578125 0.461309375 0.53447421875 0.45965625 0.5369546875 0.46263203124999996 0.53819453125
2 0.03802890625 0.7353671875 0.03836015625 0.7385914062500001 0.0396828125 0.74107109375 0.0443125 0.7435515625 0.0486109375 0.75074375 0.04398125 0.7626484375 0.044973437500000005 0.7686015625 0.05125625 0.7713296875 0.09523828125 0.8318453124999999 0.1038359375 0.8365578125 0.1111109375 0.84251015625 0.13425937500000001 0.8576390625 0.14219609375 0.86185546875 0.1498015625 0.85987109375 0.1590609375 0.85987109375 0.16203671875 0.8549109375 0.16170625 0.8492062499999999 0.16402109375 0.8454859375 0.16534374999999998 0.8368054687500001 0.17030390625 0.8226687500000001 0.170965625 0.81398828125 0.17328046875 0.8105156250000001 0.17328046875 0.80282734375 0.18551562500000002 0.783978125 0.1904765625 0.77108125 0.19146796875 0.7633929687500001 0.1974203125 0.7544640625000001 0.20899453124999998 0.74479140625 0.21230156249999999 0.73983125 0.21461640625 0.72916640625 0.215278125 0.7130453125 0.22486796875 0.7008929687500001 0.2268515625 0.67708359375 0.22453671874999998 0.6607140625000001 0.21693125000000002 0.6552578125 0.21263203125 0.6540179687500001 0.20866406249999997 0.65079375 0.2010578125 0.64756953125 0.17791015625 0.643353125 0.1736109375 0.643353125 0.17030390625 0.64558515625 0.16567421875 0.6463296875 0.15509296875 0.6545140625 0.14913984375 0.65550625 0.13855781250000002 0.652778125 0.130290625 0.64856171875 0.12367734374999999 0.6522820312500001 0.10284374999999998 0.653521875 0.0892859375 0.65600234375 0.06382265625 0.66641875 0.0522484375 0.6736109375 0.03902109375 0.68898828125 0.0340609375 0.6984125 0.034721875 0.7048609375 0.042328125 0.71205390625 0.041666406249999996 0.72395859375 0.03802890625 0.7353671875
2 0.575396875 0.23660703125000002 0.59193125 0.23710312500000003 0.6018515625 0.23462265625 0.60978828125 0.22495078125 0.61199296875 0.2188328125 0.6147484375000001 0.21651796874999998 0.6140875 0.20957343750000001 0.6111109375 0.19990078125 0.6064812500000001 0.20039687499999997 0.59953671875 0.1974203125 0.59193125 0.195684375 0.575396875 0.19543671875 0.57109765625 0.19692421875 0.56183828125 0.20436484375 0.5578703125 0.21304531249999997 0.5578703125 0.2232140625 0.56216953125 0.230903125 0.56845234375 0.2353671875 0.575396875 0.23660703125000002
2 0.47486796875000004 0.21701406250000002 0.47817421875 0.220734375 0.47949765624999996 0.23214296874999998 0.49404765624999997 0.2388390625 0.498346875 0.23933515625 0.5013226562499999 0.236359375 0.50793671875 0.23313515625 0.51124375 0.2271828125 0.5145500000000001 0.22569453125 0.51719609375 0.22792656249999999 0.5191796875 0.226934375 0.5211640625 0.22048593749999998 0.52513203125 0.2142859375 0.52943125 0.21453359375 0.53306875 0.2224703125 0.5449734375 0.2224703125 0.555225 0.21701406250000002 0.5595234375 0.20585312500000003 0.5644843749999999 0.19990078125 0.56845234375 0.19692421875 0.5810187499999999 0.1932046875 0.575396875 0.18998046875000002 0.5720898437499999 0.18601171875 0.53703671875 0.16790703125 0.53273828125 0.15674609374999998 0.527778125 0.15525781249999998 0.5211640625 0.15501015625 0.505621875 0.15972187499999999 0.498015625 0.1607140625 0.49239453125 0.163690625 0.48280390625 0.17261875 0.4768515625 0.180059375 0.4679234375 0.1875 0.461309375 0.19990078125 0.46263203124999996 0.20560546875000002 0.46461640624999995 0.2061015625 0.468915625 0.21453359375 0.47486796875000004 0.21701406250000002
2 0.37896796875 0.73487109375 0.3713625 0.7460320312500001 0.3713625 0.7557046875 0.376653125 0.76488125 0.39219609375000003 0.77976171875 0.40079374999999995 0.78273828125 0.406415625 0.77976171875 0.4183203125 0.75892890625 0.42493359374999995 0.7557046875 0.42691796875000004 0.7522320312499999 0.42328046874999997 0.74751953125 0.41964296875 0.7388390625000001 0.4275796875 0.73288671875 0.4312171875 0.72569453125 0.44080703125 0.72197421875 0.443121875 0.7224703124999999 0.44874375000000005 0.7165179687500001 0.44907421875000003 0.71279765625 0.4474203125 0.70932578125 0.44113749999999996 0.70262890625 0.44080703125 0.699653125 0.431878125 0.69543671875 0.4275796875 0.6917164062500001 0.4236109375 0.6914679687499999 0.40178593749999997 0.684028125 0.39682578125 0.6852679687500001 0.3859125 0.6932046875 0.37896796875 0.706596875 0.37632265625 0.7088296875 0.37698437500000004 0.7157734375 0.380290625 0.7167656250000001 0.38194453125 0.71899765625 0.37896796875 0.73487109375
2 0.6696429687500001 0.398809375 0.67228828125 0.40228203125000006 0.6845234375 0.40997031249999993 0.6984125 0.42162734375 0.70469609375 0.42559531249999993 0.71097890625 0.42708359375000005 0.714946875 0.430059375 0.72056875 0.43799609375 0.73478828125 0.45163671875 0.7397484375000001 0.45287734375 0.7457007812499999 0.45238125 0.748346875 0.453125 0.7638890625 0.4615578125 0.76719609375 0.46726171875 0.777778125 0.47023828125 0.78306875 0.47817421875 0.8025796875 0.48660703125 0.8025796875 0.46949375 0.7986109375 0.47023828125 0.79563515625 0.46875 0.79067421875 0.46949375 0.78802890625 0.46651796875 0.79067421875 0.4630453125 0.7933203125 0.46180546875 0.79662734375 0.45411718749999996 0.7933203125 0.44766874999999995 0.79067421875 0.4459328125 0.78802890625 0.43650781250000004 0.78902109375 0.4275796875 0.78802890625 0.41393828125 0.7863757812500001 0.40848203125 0.79067421875 0.3990578125 0.7949734375 0.40104140624999995 0.7989421875 0.3963296875 0.78703671875 0.39161718749999996 0.78273828125 0.39136875 0.781084375 0.3923609375 0.7678570312499999 0.38566484375 0.7638890625 0.38665703125 0.7566140625 0.38442421875 0.7513226562499999 0.38095234375000003 0.72552890625 0.37524765625 0.6941140625 0.3705359375 0.6736109375 0.3692953125 0.6693125 0.37103203125 0.66534375 0.3712796875 0.66170625 0.3692953125 0.65806875 0.36904765624999997 0.65674609375 0.37078359375000003 0.65740703125 0.37723203125000004 0.652778125 0.3841765625 0.6531085937500001 0.3888890625 0.6696429687500001 0.398809375
2 0.65806875 0.45709296874999994 0.66534375 0.45858125000000005 0.6739421875 0.45833359375000005 0.67956328125 0.45659687499999996 0.6845234375 0.453125 0.6865078125 0.44940468750000007 0.685846875 0.43799609375 0.68253984375 0.430059375 0.6775796875 0.42584296874999994 0.6693125 0.42435546874999996 0.66203671875 0.42162734375 0.65013203125 0.4236109375 0.6448414062500001 0.42782734375000003 0.64219609375 0.435515625 0.648809375 0.44642890625 0.65509296875 0.4548609375 0.65806875 0.45709296874999994
