0 0.6736109375 0.13715312500000001 0.6775796875 0.14161718750000002 0.68154765625 0.143353125 0.68716953125 0.14037734375 0.6888226562499999 0.137896875 0.6941140625 0.13566484375 0.6977515624999999 0.1307046875 0.70337265625 0.12623984375 0.70469609375 0.111359375 0.7020500000000001 0.1036703125 0.693121875 0.10044609374999999 0.6848546875 0.09995078125 0.6775796875 0.09623046874999999 0.6729499999999999 0.09623046874999999 0.66501328125 0.0982140625 0.65773828125 0.10168671874999999 0.6554234375 0.10391874999999999 0.65410078125 0.11607109374999999 0.65575390625 0.1307046875 0.6590609374999999 0.13392890625 0.6736109375 0.13715312500000001
0 0.5945765625 0.16666640625 0.5988757812500001 0.17534687499999999 0.60284375 0.17857109375 0.6074734375 0.179315625 0.6094578125 0.17683515625 0.6203703125 0.16964296875 0.6223546875 0.16691484375 0.626653125 0.16765859375 0.63293671875 0.16592265625 0.6359125 0.16393828125 0.64120390625 0.15426562500000002 0.64120390625 0.15029765625 0.63558203125 0.137896875 0.63095234375 0.133184375 0.6220234375 0.13293671875 0.6187171874999999 0.13392890625 0.6150796875 0.133184375 0.6048281249999999 0.1359125 0.59556875 0.13566484375 0.5906085937500001 0.1423609375 0.5892859374999999 0.1463296875 0.590278125 0.16220234375 0.59160078125 0.16493046875 0.5945765625 0.16666640625
0 0.6775796875 0.20535703125000002 0.68154765625 0.20486093749999998 0.68981484375 0.19766875 0.6957671875 0.1845234375 0.6970898437499999 0.17311484375 0.69444453125 0.16592265625 0.689153125 0.16145859375 0.68518515625 0.1634421875 0.6765875 0.16294609375 0.6736109375 0.16170625 0.670965625 0.1626984375 0.66600546875 0.1619546875 0.66038359375 0.16418671875 0.656415625 0.17088281249999998 0.656415625 0.1892359375 0.660053125 0.19642890625 0.6736109375 0.20386875 0.6775796875 0.20535703125000002
0 0.6114421875 0.22891875 0.6150796875 0.22966250000000002 0.6187171874999999 0.22842265624999997 0.626653125 0.2232140625 0.64120390625 0.21701406250000002 0.6445109375 0.20882968750000003 0.6445109375 0.19717265625 0.6425265625 0.19097187499999999 0.6352515624999999 0.184771875 0.630290625 0.18501953124999998 0.62268515625 0.18998046875000002 0.6187171874999999 0.18948437499999998 0.6127648437500001 0.19246015625 0.60284375 0.19345234375 0.59523828125 0.19642890625 0.59556875 0.20535703125000002 0.59953671875 0.21651796874999998 0.60317421875 0.222221875 0.6114421875 0.22891875
0 0.6736109375 0.2599203125 0.678240625 0.2609125 0.68816171875 0.2584328125 0.6957671875 0.25024765625 0.70072734375 0.24032734375000003 0.7010578125 0.2353671875 0.6970898437499999 0.2299109375 0.69345234375 0.23015859375 0.6921296875 0.23263906250000002 0.68816171875 0.2333828125 0.68154765625 0.232390625 0.6775796875 0.22891875 0.6693125 0.22891875 0.65806875 0.2306546875 0.656415625 0.23313515625 0.656084375 0.24429531249999997 0.65773828125 0.24851171875000003 0.66402109375 0.25148828125 0.6736109375 0.2599203125
0 0.696759375 0.31101171875 0.70171953125 0.3077875 0.7070109375 0.30084296875 0.7066796875 0.29092265624999997 0.70238125 0.28323437500000004 0.7010578125 0.28224218749999996 0.696759375 0.28273828125 0.689153125 0.28918671875 0.6855156250000001 0.29067421875 0.68419296875 0.29265859375000003 0.6779101562500001 0.29563515625000003 0.6736109375 0.29563515625000003 0.67129609375 0.2986109375 0.67063515625 0.30208359375 0.67030390625 0.30654765624999997 0.6739421875 0.31448437500000004 0.6888226562499999 0.31473203125000004 0.696759375 0.31101171875
0 0.66501328125 0.36259921875 0.6779101562500001 0.3623515625 0.68518515625 0.35962265625 0.6884921875 0.35739062499999996 0.693121875 0.34970234375000003 0.69345234375 0.341021875 0.6921296875 0.336309375 0.6894843749999999 0.3311015625 0.68518515625 0.32787734375 0.65046328125 0.34251015625000003 0.65013203125 0.34970234375000003 0.6531085937500001 0.35714296874999996 0.65509296875 0.35912734375 0.66501328125 0.36259921875
0 0.61011875 0.38963281250000004 0.61706328125 0.3888890625 0.63359765625 0.37896796875 0.6365742187500001 0.375 0.6388890625 0.36879921875 0.6395500000000001 0.36160703125000004 0.63558203125 0.3563984375 0.63095234375 0.35267890625 0.62566171875 0.35143828125 0.619709375 0.35143828125 0.60912734375 0.35515859375000003 0.59986796875 0.3563984375 0.59589921875 0.35912734375 0.59556875 0.36805546875 0.5968914062499999 0.37301562499999996 0.6038359375 0.38467265624999997 0.61011875 0.38963281250000004
0 0.59523828125 0.45262890625 0.59953671875 0.45262890625 0.6038359375 0.451140625 0.6167328125 0.4392359375 0.62169296875 0.43626015625000003 0.62433828125 0.4317953125 0.61904765625 0.42038671875 0.6150796875 0.41765859375 0.58597890625 0.42485156249999995 0.58399453125 0.42559531249999993 0.5816796875 0.430059375 0.5816796875 0.439484375 0.58300234375 0.44295625000000005 0.59160078125 0.451140625 0.59523828125 0.45262890625
0 0.6111109375 0.503471875 0.6140875 0.5009921875 0.6213625 0.49776796875 0.6259921875 0.49032734375000003 0.6279765625 0.48313515625000003 0.62731484375 0.47817421875 0.62268515625 0.46998984374999997 0.61706328125 0.46899765625 0.60284375 0.47420625000000005 0.59556875 0.4744546875 0.58796328125 0.47643828125 0.5886242187499999 0.4890875 0.59623046875 0.50123984375 0.60284375 0.503471875 0.6111109375 0.503471875
0 0.61904765625 0.5515875 0.6230156250000001 0.55183515625 0.62830703125 0.550346875 0.6385578125 0.54092265625 0.63988125 0.53745078125 0.63988125 0.52876953125 0.6349203125 0.52108125 0.6114421875 0.5200890625000001 0.6064812500000001 0.5295140625 0.6058203125 0.5349703124999999 0.6071429687500001 0.5404265625 0.6111109375 0.54637890625 0.61904765625 0.5515875
0 0.66203671875 0.5228171875000001 0.6679890625 0.52356171875 0.6729499999999999 0.52331328125 0.6775796875 0.52083359375 0.68683828125 0.51041640625 0.68716953125 0.5017359375 0.68518515625 0.49305546875 0.681878125 0.491815625 0.6772484375000001 0.4915671875 0.67328046875 0.492559375 0.6679890625 0.4908234375 0.659721875 0.49107109375 0.65410078125 0.48834296874999994 0.65079375 0.49851171875 0.65046328125 0.5099203125 0.6517859374999999 0.5136406250000001 0.65674609375 0.5193453124999999 0.66203671875 0.5228171875000001
0 0.6689812500000001 0.47098203125 0.67328046875 0.4744546875 0.6779101562500001 0.47569453125 0.68518515625 0.47321406250000003 0.68716953125 0.46825390625 0.6861773437500001 0.4548609375 0.6775796875 0.44370078125 0.67328046875 0.44370078125 0.66600546875 0.4466765625 0.66170625 0.44692421875 0.6554234375 0.45262890625 0.65476171875 0.455109375 0.65773828125 0.45932578125 0.66038359375 0.46081328125 0.6689812500000001 0.47098203125
0 0.6779101562500001 0.940971875 0.68783046875 0.93824375 0.693121875 0.9330359375 0.6994046875000001 0.918403125 0.6997351562499999 0.9119546875 0.69444453125 0.90748984375 0.6838625 0.90748984375 0.6676585937499999 0.9144343750000001 0.66567421875 0.91592265625 0.66402109375 0.9198906250000001 0.663690625 0.9280757812499999 0.66534375 0.93154765625 0.6729499999999999 0.93898828125 0.6779101562500001 0.940971875
0 0.6699734375 0.9930554687500001 0.6772484375000001 0.9900796875 0.67989453125 0.9873515625 0.6838625 0.9751984374999999 0.6845234375 0.96924609375 0.681878125 0.9613093750000001 0.67427265625 0.95560546875 0.66567421875 0.95386875 0.65806875 0.956596875 0.65410078125 0.9568453124999999 0.64682578125 0.97197421875 0.64748671875 0.9826390625 0.6590609374999999 0.9920632812499999 0.66203671875 0.9933039062500001 0.6699734375 0.9930554687500001
