0 0.21329375 0.71726171875 0.21660078125 0.71751015625 0.2268515625 0.71378984375 0.24007968750000003 0.710565625 0.242725 0.70287734375 0.24206328125 0.695684375 0.24007968750000003 0.6939484375 0.22817421875 0.6897320312499999 0.22023828124999997 0.6892359375 0.20932578125 0.69270859375 0.20370390624999998 0.69618046875 0.20271171875 0.69791640625 0.20205 0.70163671875 0.20370390624999998 0.7073414062500001 0.20800234374999998 0.71354140625 0.21329375 0.71726171875
0 0.2490078125 0.653521875 0.25925937499999996 0.65376953125 0.2695109375 0.64856171875 0.2728171875 0.64583359375 0.2731484375 0.64136875 0.27182578125 0.63740078125 0.26884921875 0.6341765625 0.2635578125 0.6314484375 0.25496015625 0.6297125 0.24735468749999998 0.62996015625 0.24338593749999998 0.63095234375 0.24007968750000003 0.63442421875 0.24140234375 0.637896875 0.23941796875 0.65029765625 0.24371718750000002 0.6522820312500001 0.2490078125 0.653521875
0 0.24437812499999997 0.69270859375 0.24933828125000002 0.69072421875 0.26223515625 0.68154765625 0.25925937499999996 0.6736109375 0.25595234375000003 0.6696429687500001 0.24404765624999997 0.664434375 0.22883593750000003 0.669146875 0.22586015625 0.67212265625 0.2268515625 0.68725234375 0.22850546875000002 0.6892359375 0.2324734375 0.690971875 0.24437812499999997 0.69270859375
0 0.22850546875000002 0.7557046875 0.22949765625000002 0.7599203125 0.23313515625 0.7626484375 0.23842578125 0.76413671875 0.248015625 0.76488125 0.25231484375 0.7636406250000001 0.25628281249999996 0.7609125 0.26025156250000003 0.75595234375 0.25925937499999996 0.74751953125 0.25496015625 0.7435515625 0.24768515624999998 0.7400796875 0.24107109375000002 0.7390875 0.23148125 0.7400796875 0.23313515625 0.742559375 0.23412734375 0.74876015625 0.23214296874999998 0.752728125 0.22850546875000002 0.7557046875
0 0.25231484375 0.83407734375 0.25958984375 0.83234140625 0.26521171875 0.82886875 0.26785703125000004 0.8244046875000001 0.26818749999999997 0.8169640625 0.26455 0.81101171875 0.25892890625 0.8067953125 0.255621875 0.8055554687500001 0.24834687500000002 0.80927578125 0.24338593749999998 0.81001953125 0.2397484375 0.81274765625 0.23875625 0.8142359375 0.2397484375 0.8251484375 0.24503984375 0.8301093749999999 0.25231484375 0.83407734375
0 0.21329375 0.8236609375 0.21626953124999998 0.8224203125 0.2195765625 0.8182046875 0.22023828124999997 0.81001953125 0.218915625 0.8043156249999999 0.20833359375 0.8013390625 0.2030421875 0.8045632812499999 0.20171953125000003 0.8070437500000001 0.20138906250000002 0.8147320312499999 0.20337265625 0.8187007812499999 0.20899453124999998 0.8229164062500001 0.21329375 0.8236609375
0 0.23578046874999997 0.8365578125 0.23908749999999998 0.8320929687499999 0.242725 0.8301093749999999 0.2397484375 0.82663671875 0.2364421875 0.8187007812499999 0.22453671874999998 0.81324375 0.21626953124999998 0.8234125000000001 0.215278125 0.82688515625 0.21660078125 0.8325890625 0.22453671874999998 0.8380453125 0.23578046874999997 0.8365578125
0 0.277778125 0.6150796875 0.28339921874999996 0.60788671875 0.28339921874999996 0.59970234375 0.27513203124999996 0.59300625 0.27050234375 0.59251015625 0.2635578125 0.59350234375 0.25694453125 0.60243046875 0.25033046875 0.6083828125 0.25 0.6113593749999999 0.25925937499999996 0.6158234375 0.270171875 0.61607109375 0.277778125 0.6150796875
0 0.9596562499999999 0.9813984375 0.96660078125 0.98412734375 0.97089921875 0.98412734375 0.9755289062499999 0.9823906250000001 0.9791664062500001 0.9781742187500001 0.9751984374999999 0.96924609375 0.96626953125 0.96279765625 0.9632937500000001 0.9618054687500001 0.9586640624999999 0.9618054687500001 0.9550265625 0.96453359375 0.95171953125 0.9704859375 0.95238125 0.9749507812499999 0.954034375 0.9769343750000001 0.9596562499999999 0.9813984375
0 0.94345234375 0.9930554687500001 0.9457671875000001 0.9930554687500001 0.95238125 0.9898312499999999 0.95436484375 0.9821429687500001 0.95171953125 0.9781742187500001 0.9477515625 0.9761906249999999 0.94708984375 0.9744546875 0.939153125 0.9744546875 0.9335320312500001 0.9796625000000001 0.9318781250000001 0.9823906250000001 0.9325398437500001 0.98561484375 0.93683828125 0.99032734375 0.94345234375 0.9930554687500001
0 0.92691796875 0.9305554687500001 0.9302250000000001 0.9236109375 0.92791015625 0.9151789062500001 0.9239421875 0.9134421875 0.9199734375 0.9134421875 0.90873046875 0.9166664062500001 0.9070765625 0.91939453125 0.9070765625 0.9275796875 0.9117062499999999 0.9312992187500001 0.9236109375 0.9337796875000001 0.92691796875 0.9305554687500001
0 0.92427265625 0.940971875 0.9275796875 0.9392359375 0.92328046875 0.9365078125 0.92063515625 0.93998046875 0.92162734375 0.9419640625 0.9236109375 0.9424601562499999 0.92427265625 0.940971875
0 0.92030390625 0.830853125 0.92526484375 0.82217265625 0.92526484375 0.81498046875 0.9229499999999999 0.81200390625 0.9156742187500001 0.80927578125 0.90806875 0.8095234375 0.902778125 0.8125 0.8988093750000001 0.81671640625 0.8998015625000001 0.8214289062500001 0.90806875 0.8333335937499999 0.917328125 0.83234140625 0.92030390625 0.830853125
0 0.8895500000000001 0.8506945312499999 0.8931875 0.8499507812499999 0.89748671875 0.847221875 0.9007937500000001 0.84226171875 0.9004632812500001 0.83779765625 0.8925265625 0.82738125 0.8885578125 0.82688515625 0.8842593750000001 0.828125 0.8776453125 0.83407734375 0.8763226562499999 0.84226171875 0.8789679687499999 0.8474703124999999 0.88458984375 0.8504460937499999 0.8895500000000001 0.8506945312499999
0 0.4844578125 0.19791640625 0.49305546875 0.18973203125 0.49404765624999997 0.17733125 0.48875624999999995 0.174603125 0.48478828125 0.17410703125 0.47850546875 0.1790671875 0.47453671875000003 0.180059375 0.47089921874999996 0.18601171875 0.47123046874999996 0.19246015625 0.47321406250000003 0.19543671875 0.47850546875 0.19816484375 0.4844578125 0.19791640625
2 0.58333359375 0.74305546875 0.57506640625 0.7557046875 0.57671953125 0.75768828125 0.5836640625 0.7591765625 0.59126953125 0.7591765625 0.59424609375 0.7609125 0.59523828125 0.762896875 0.59490703125 0.78720234375 0.60284375 0.78918671875 0.61078046875 0.8062992187500001 0.6230156250000001 0.8234125000000001 0.626653125 0.8199406249999999 0.6276453125 0.8165921875000001 0.630621875 0.8142359375 0.6349203125 0.8030757812499999 0.6369046875000001 0.793403125 0.63921953125 0.789434375 0.6461640625 0.7869546875 0.6478171875000001 0.7829859375 0.64550234375 0.78199375 0.656084375 0.75049609375 0.6590609374999999 0.74851171875 0.66567421875 0.7490078125 0.66666640625 0.7480156250000001 0.663690625 0.7452875 0.66203671875 0.7385914062500001 0.6554234375 0.72842265625 0.64748671875 0.7244546875 0.64186484375 0.71254921875 0.6441796875 0.7075890625000001 0.64682578125 0.706596875 0.65046328125 0.70982109375 0.6554234375 0.7048609375 0.65443125 0.7041171875 0.65013203125 0.70436484375 0.64186484375 0.69990078125 0.6405421875 0.69717265625 0.63624375 0.6939484375 0.63260546875 0.68824375 0.6286375 0.6857640625 0.6269843749999999 0.6830359374999999 0.6207007812499999 0.6832835937499999 0.60813515625 0.67733125 0.59986796875 0.6763390625000001 0.59325390625 0.67683515625 0.58597890625 0.67956328125 0.5763890625 0.6892359375 0.575396875 0.69270859375 0.579034375 0.70287734375 0.57870390625 0.7170140625 0.5800265625 0.71924609375 0.58333359375 0.74305546875
2 0.65575390625 0.8459820312499999 0.6498015625 0.8571429687500001 0.6498015625 0.8759921875 0.65376953125 0.8849203125 0.65740703125 0.887896875 0.66203671875 0.88938515625 0.66567421875 0.88814453125 0.6693125 0.8851687500000001 0.67261875 0.88095234375 0.6739421875 0.8759921875 0.67625625 0.87376015625 0.678240625 0.87376015625 0.6812171874999999 0.87574375 0.68419296875 0.87574375 0.68981484375 0.87177578125 0.69510546875 0.8613593749999999 0.69510546875 0.8506945312499999 0.6977515624999999 0.8459820312499999 0.7050265625 0.846478125 0.7066796875 0.8454859375 0.7066796875 0.83779765625 0.70337265625 0.8353171875 0.7010578125 0.8291171875 0.6970898437499999 0.82886875 0.69345234375 0.8271328125 0.68518515625 0.8263890625 0.6828703125 0.8164679687499999 0.6808859375 0.8142359375 0.66666640625 0.8095234375 0.6607140625000001 0.81101171875 0.65806875 0.8102679687500001 0.656084375 0.81398828125 0.6570765625 0.8224203125 0.6478171875000001 0.8335812499999999 0.6478171875000001 0.8375492187500001 0.65575390625 0.8459820312499999
2 0.65839921875 0.658978125 0.66236796875 0.67063515625 0.66865078125 0.6760914062500001 0.6779101562500001 0.67733125 0.6828703125 0.68501953125 0.6937828125000001 0.69072421875 0.6974203125 0.69419609375 0.70337265625 0.6974203125 0.71263203125 0.700396875 0.718584375 0.7008929687500001 0.72056875 0.7021328125 0.72486796875 0.70163671875 0.7301585937499999 0.69270859375 0.73280390625 0.6817953125 0.7321429687500001 0.6696429687500001 0.7298281249999999 0.664434375 0.72949765625 0.6545140625 0.718584375 0.6463296875 0.72123046875 0.6428570312499999 0.72056875 0.6383929687500001 0.71263203125 0.6294640625000001 0.704034375 0.6227679687500001 0.6974203125 0.6205359374999999 0.6865078125 0.60987109375 0.68518515625 0.60615078125 0.682209375 0.6051585937499999 0.6693125 0.6046625 0.66170625 0.60689453125 0.65476171875 0.6138390625000001 0.64748671875 0.61904765625 0.64947109375 0.6230156250000001 0.64947109375 0.6269843749999999 0.6478171875000001 0.6307046875 0.6428570312499999 0.6334328124999999 0.6369046875000001 0.63368046875 0.63359765625 0.63740078125 0.63392890625 0.64211328125 0.64186484375 0.6532734375 0.64913984375 0.653521875 0.65839921875 0.658978125
2 0.9454367187500001 0.58854140625 0.95271171875 0.5957343749999999 0.9556875 0.60267890625 0.9613093750000001 0.60912734375 0.97288359375 0.61011875 0.9781742187500001 0.60912734375 0.9930554687500001 0.59697421875 0.9960320312500001 0.5927578125 0.9970234375 0.58779765625 0.99966953125 0.58705390625 0.99966953125 0.5508429687499999 0.9973546875 0.550346875 0.994709375 0.54613125 0.98941796875 0.5426585937499999 0.979828125 0.538690625 0.9745367187499999 0.5376984375 0.96626953125 0.53794609375 0.95998671875 0.5421625 0.9583335937499999 0.5421625 0.95006640625 0.53720234375 0.939153125 0.53745078125 0.93419296875 0.54092265625 0.9325398437500001 0.5438984375 0.93419296875 0.5553078124999999 0.939153125 0.56324375 0.9401453125 0.57787734375 0.9454367187500001 0.58854140625
2 0.43518515625000004 0.5954859375 0.4441140625 0.5895335937499999 0.44642890625 0.58581328125 0.45171953125000003 0.581596875 0.45932578125 0.57291640625 0.46626953125000004 0.56324375 0.47056875 0.5605156250000001 0.47652109375 0.5486109375 0.48842578124999997 0.53745078125 0.48809531249999993 0.528521875 0.49470937499999995 0.52529765625 0.498015625 0.52628984375 0.5013226562499999 0.523065625 0.501653125 0.5173609375 0.5029765625 0.51636875 0.50330703125 0.5133929687500001 0.5013226562499999 0.502728125 0.498015625 0.498015625 0.498015625 0.49537031249999997 0.5019843749999999 0.49131953125 0.505621875 0.49057578125 0.5102515624999999 0.49107109375 0.5122351562499999 0.4900796875 0.50892890625 0.48809531249999993 0.49966953125 0.47767890625 0.501653125 0.4734625 0.50595234375 0.47098203125 0.5062828125000001 0.46651796875 0.50066171875 0.460565625 0.498015625 0.45411718749999996 0.494378125 0.45064453125000004 0.48412734375 0.4466765625 0.47949765624999996 0.4459328125 0.47056875 0.4466765625 0.46660078125000004 0.45386875 0.46097890625 0.45758906250000003 0.4586640625 0.45833359375000005 0.45469609375 0.45659687499999996 0.44642890625 0.460565625 0.4441140625 0.4640375 0.439153125 0.46800625 0.435846875 0.47371015625 0.4308859375 0.476190625 0.42460312499999997 0.48462265625 0.41236796875000004 0.49578359375 0.40806875 0.498015625 0.40145468749999996 0.49851171875 0.3925265625 0.50148828125 0.38921953125000003 0.50520859375 0.38293671875 0.50768828125 0.38095234375000003 0.50967265625 0.37996015625 0.523809375 0.3816140625 0.5292656250000001 0.4275796875 0.59399765625 0.43518515625000004 0.5954859375
2 0.46660078125000004 0.61607109375 0.47056875 0.61557578125 0.48478828125 0.5957343749999999 0.4900796875 0.59523828125 0.49305546875 0.58606171875 0.5013226562499999 0.5845734375 0.5039679687499999 0.5825890625000001 0.50595234375 0.5798609375 0.5066140625 0.5724203125 0.5082671875 0.56870078125 0.51521171875 0.5644843749999999 0.5175265625 0.56126015625 0.5201718750000001 0.55282734375 0.5198414062500001 0.5486109375 0.5155421875 0.539434375 0.5099203125 0.53447421875 0.49206328125 0.53447421875 0.48677265625 0.5396828124999999 0.48247343750000005 0.54191484375 0.4808203125 0.5446429687500001 0.48115078125000005 0.5488593749999999 0.47652109375 0.55481171875 0.47420625000000005 0.5560515625 0.47123046874999996 0.5605156250000001 0.47189140625 0.56225234375 0.46990703125 0.5654765625 0.46660078125000004 0.56498046875 0.4623015625 0.57043671875 0.45370390625 0.578125 0.4474203125 0.58779765625 0.44642890625 0.59226171875 0.45105781250000004 0.6113593749999999 0.4603171875 0.6133429687499999 0.46660078125000004 0.61607109375
2 0.35615078125 0.762896875 0.3611109375 0.769096875 0.36706328125 0.75868046875 0.36739453125 0.7490078125 0.36904765624999997 0.746528125 0.37301562499999996 0.7452875 0.37466953125 0.74330390625 0.37466953125 0.73933515625 0.37103203125 0.73115078125 0.37268515625 0.72817421875 0.376653125 0.7286703125 0.37929921875 0.72643828125 0.3796296875 0.7234625 0.3779765625 0.71875 0.37367734375 0.71279765625 0.36607109375 0.7070929687499999 0.36078046874999997 0.7048609375 0.3594578125 0.70163671875 0.3558203125 0.6986609374999999 0.35350546875 0.69345234375 0.34986796875000004 0.69072421875 0.34160078125000004 0.68873984375 0.32705 0.69717265625 0.32705 0.7011406250000001 0.32506640625 0.70386875 0.3260578125 0.70858125 0.35615078125 0.762896875
2 0.30456328125 0.7517359375 0.31117734375 0.757440625 0.31679921875 0.7591765625 0.3191140625 0.762153125 0.3263890625 0.76636875 0.3300265625 0.7698414062500001 0.3316796875 0.7693453124999999 0.33763203124999996 0.76636875 0.3392859375 0.76413671875 0.33597890625 0.7542164062500001 0.33068749999999997 0.74404765625 0.310846875 0.7157734375 0.31018515625 0.71329375 0.3088625 0.71378984375 0.2986109375 0.71106171875 0.295965625 0.71279765625 0.29398124999999997 0.71626953125 0.29662734375 0.7232140625000001 0.29464296874999996 0.731646875 0.29398124999999997 0.74925625 0.30456328125 0.7517359375
2 0.15443125 0.8819445312499999 0.15013203125000002 0.8854164062500001 0.14913984375 0.8955851562499999 0.15013203125000002 0.9005453125 0.18419296875 0.9119546875 0.19246015625 0.9131945312499999 0.19609765625 0.9124507812499999 0.20899453124999998 0.918403125 0.21362421875 0.91865078125 0.2179234375 0.91765859375 0.2195765625 0.9161703125 0.2195765625 0.91046640625 0.22189140625 0.9012898437500001 0.22123046875000002 0.89211328125 0.2195765625 0.8888890625 0.22288359375 0.8856648437500001 0.2324734375 0.8866570312500001 0.23908749999999998 0.8819445312499999 0.240740625 0.87450390625 0.2380953125 0.8692953125 0.2380953125 0.86669140625 0.24007968750000003 0.85615078125 0.23842578125 0.8529265625000001 0.22453671874999998 0.8420140625 0.21759296875 0.8345734374999999 0.21296328125000002 0.8263890625 0.20436484375 0.82390859375 0.20138906250000002 0.8154765625 0.2010578125 0.8055554687500001 0.18882265625 0.8013390625 0.18518515625 0.79761875 0.1775796875 0.794146875 0.17493359375 0.7938984375 0.1699734375 0.79092265625 0.16567421875 0.79067421875 0.15972187499999999 0.7948906250000001 0.15806875 0.7978671875 0.15806875 0.8045632812499999 0.1626984375 0.809771875 0.1626984375 0.81200390625 0.15046328125 0.8648312499999999 0.1570765625 0.8692953125 0.15873046875000002 0.87425625 0.156084375 0.8772320312499999 0.15443125 0.8819445312499999
2 0.64583359375 0.3814484375 0.66501328125 0.36830390625 0.6775796875 0.362846875 0.682209375 0.35813515625000003 0.6845234375 0.35391875 0.689153125 0.3529265625 0.69510546875 0.3494546875 0.696759375 0.34449375 0.71197109375 0.32614062499999996 0.71163984375 0.31795625 0.70932578125 0.3125 0.7050265625 0.31001953125 0.7013890625 0.31175625 0.6994046875000001 0.31126015625000003 0.693121875 0.3080359375 0.6832007812499999 0.3095234375 0.6696429687500001 0.309771875 0.65509296875 0.31324375 0.6481484375 0.31746015625 0.63988125 0.32589296874999996 0.6425265625 0.33035703125000004 0.6372351562499999 0.33854140625 0.6289679687499999 0.34523828125 0.62996015625 0.34995078125 0.62268515625 0.3611109375 0.62003984375 0.37574375 0.619709375 0.38293671875 0.6220234375 0.38566484375 0.637896875 0.38392890625 0.64583359375 0.3814484375
2 0.6832007812499999 0.4275796875 0.693121875 0.42633906250000003 0.7010578125 0.4236109375 0.70833359375 0.42237109375 0.74503984375 0.40848203125 0.7470234375 0.40501015625000003 0.751653125 0.4045140625 0.7539679687499999 0.394096875 0.7562828125000001 0.39112109375 0.7685187499999999 0.38095234375000003 0.7701718750000001 0.37524765625 0.77579375 0.37301562499999996 0.78009296875 0.36904765624999997 0.77215625 0.35689453125 0.7635578125 0.35540703125 0.75330703125 0.35540703125 0.74404765625 0.3576390625 0.74107109375 0.36061484374999997 0.73280390625 0.36532734375000003 0.6683203125 0.42336328125 0.66567421875 0.42782734375000003 0.6696429687500001 0.42881953125 0.67427265625 0.42683515625 0.6832007812499999 0.4275796875
2 0.61011875 0.27256953125 0.61375625 0.27083359375 0.61739453125 0.273809375 0.61706328125 0.27529765624999997 0.60912734375 0.28273828125 0.6094578125 0.2869546875 0.6154101562500001 0.29141875 0.6130953124999999 0.29786718749999996 0.6130953124999999 0.30282734375000003 0.61706328125 0.30654765624999997 0.61904765625 0.31200390625 0.6230156250000001 0.31646796875 0.630621875 0.32118046875 0.6388890625 0.31746015625 0.6441796875 0.30282734375000003 0.6448414062500001 0.29588281250000004 0.64947109375 0.288690625 0.65410078125 0.28373046875 0.66302890625 0.28075390625 0.67063515625 0.2755453125 0.67261875 0.26785703125000004 0.67956328125 0.26339296874999996 0.6855156250000001 0.2517359375 0.65410078125 0.24925625 0.6425265625 0.25496015625 0.6385578125 0.258184375 0.6183859375 0.26339296874999996 0.6071429687500001 0.2673609375 0.6064812500000001 0.26884921875 0.60251328125 0.27108125 0.60350546875 0.27256953125 0.61011875 0.27256953125
