0 0.6904765625 0.54712265625 0.70337265625 0.53273828125 0.7066796875 0.5220734375 0.7056875 0.51636875 0.7013890625 0.51612109375 0.689153125 0.519096875 0.68518515625 0.518353125 0.6808859375 0.51587265625 0.67625625 0.519096875 0.6699734375 0.53125 0.6693125 0.5411703125 0.67162734375 0.5448906250000001 0.68518515625 0.5478671875 0.6904765625 0.54712265625
0 0.6970898437499999 0.51636875 0.70171953125 0.51686484375 0.70469609375 0.51612109375 0.71263203125 0.51240078125 0.7235453125 0.5017359375 0.7301585937499999 0.49776796875 0.733465625 0.49057578125 0.73115078125 0.48313515625000003 0.72817421875 0.482390625 0.72453671875 0.4796625 0.71660078125 0.4779265625 0.71263203125 0.47941484375 0.68816171875 0.49776796875 0.681878125 0.50595234375 0.68154765625 0.5138890625 0.68518515625 0.5176093749999999 0.6937828125000001 0.51810546875 0.6970898437499999 0.51636875
0 0.73511875 0.5186015625 0.7400796875 0.52058515625 0.74305546875 0.5203375 0.75 0.51612109375 0.75694453125 0.5022320312499999 0.755290625 0.48660703125 0.7513226562499999 0.48015859375 0.7400796875 0.4779265625 0.7361109375 0.47891874999999995 0.73379609375 0.48065468750000007 0.7324734375 0.482390625 0.73280390625 0.49107109375 0.73115078125 0.49776796875 0.7251984375 0.50148828125 0.72486796875 0.5057046875 0.72751328125 0.5116570312500001 0.7301585937499999 0.51512890625 0.73511875 0.5186015625
0 0.55654765625 0.48784687499999996 0.56216953125 0.48710312499999997 0.5644843749999999 0.48462265625 0.5664679687499999 0.4786703125 0.57109765625 0.47098203125 0.56944453125 0.46378984375 0.56481484375 0.4615578125 0.56018515625 0.46254921875 0.54563515625 0.47271796874999994 0.5439812500000001 0.47569453125 0.5429890625 0.4786703125 0.54563515625 0.48363125 0.5502648437500001 0.48462265625 0.55654765625 0.48784687499999996
0 0.5720898437499999 0.45064453125000004 0.57771171875 0.44692421875 0.5826718750000001 0.43998046874999996 0.5892859374999999 0.43626015625000003 0.59325390625 0.4310515625 0.597221875 0.42782734375000003 0.59953671875 0.4236109375 0.597221875 0.419890625 0.59193125 0.41493046875 0.586309375 0.41418671875 0.57969609375 0.41567421875 0.57043671875 0.4303078125 0.5671296875 0.43799609375 0.5654765625 0.4432046875 0.56580703125 0.44766874999999995 0.567790625 0.44990078125000005 0.5720898437499999 0.45064453125000004
0 0.626653125 0.4744546875 0.630621875 0.47470234375000003 0.634259375 0.47147812499999997 0.6385578125 0.470734375 0.6431875 0.466765625 0.64550234375 0.4630453125 0.64583359375 0.45858125000000005 0.64748671875 0.455109375 0.6514546875 0.45089296875 0.6428570312499999 0.44047656249999995 0.63921953125 0.4392359375 0.63359765625 0.44270859375000005 0.63260546875 0.444940625 0.6259921875 0.45064453125000004 0.6207007812499999 0.45858125000000005 0.62169296875 0.46825390625 0.62268515625 0.47123046874999996 0.626653125 0.4744546875
0 0.77910078125 0.4615578125 0.78306875 0.46106171875 0.78703671875 0.45858125000000005 0.79067421875 0.45758906250000003 0.79927265625 0.44766874999999995 0.8005953124999999 0.4432046875 0.8039023437499999 0.43799609375 0.8068781250000001 0.4283234375 0.8055554687500001 0.42261875 0.8032406249999999 0.419890625 0.79629609375 0.41765859375 0.79100546875 0.41666640624999995 0.784721875 0.41741093749999997 0.77711640625 0.42063515625000003 0.7685187499999999 0.43154765624999997 0.7681875 0.4357640625 0.77149453125 0.44295625000000005 0.77215625 0.4548609375 0.77910078125 0.4615578125
0 0.748346875 0.4275796875 0.7529765625 0.4236109375 0.748346875 0.42038671875 0.7490078125 0.41914687500000003 0.7529765625 0.41815468750000007 0.7566140625 0.41592265624999997 0.76620390625 0.40501015625000003 0.7675265625 0.40104140624999995 0.766534375 0.3936015625 0.755621875 0.38913671875 0.7513226562499999 0.38938515625000003 0.74669296875 0.39112109375 0.74140234375 0.39583359375 0.72751328125 0.4171625 0.72817421875 0.42584296874999994 0.7321429687500001 0.4303078125 0.7400796875 0.430059375 0.748346875 0.4275796875
0 0.45105781250000004 0.8896328125 0.45436484374999997 0.8851687500000001 0.45502656249999995 0.8727679687500001 0.45370390625 0.8712796875000001 0.45072734375 0.8697914062500001 0.44708984375 0.8697914062500001 0.44246015625 0.87921640625 0.44212968750000003 0.8854164062500001 0.443121875 0.88814453125 0.44675937499999996 0.89037734375 0.45105781250000004 0.8896328125
0 0.6984125 0.971478125 0.6997351562499999 0.9704859375 0.70072734375 0.96453359375 0.70469609375 0.9642859375 0.7050265625 0.96279765625 0.7076718750000001 0.9618054687500001 0.7086640625 0.95907734375 0.71163984375 0.95634921875 0.7123015625 0.9476687500000001 0.715278125 0.9444445312499999 0.7142859374999999 0.9414679687499999 0.71263203125 0.9404765625 0.70800234375 0.9422124999999999 0.7010578125 0.9404765625 0.6937828125000001 0.9491570312500001 0.6904765625 0.9501484375 0.6861773437500001 0.95436484375 0.67989453125 0.9583335937499999 0.67493359375 0.9667656250000001 0.67493359375 0.9717265625 0.6808859375 0.9744546875 0.689153125 0.9754460937499999 0.6984125 0.971478125
0 0.6679890625 0.9861109375 0.67162734375 0.98189453125 0.67328046875 0.97470234375 0.67228828125 0.97197421875 0.66865078125 0.96924609375 0.66534375 0.96850234375 0.6570765625 0.9724703124999999 0.6517859374999999 0.9821429687500001 0.6481484375 0.98487109375 0.64384921875 0.9918156249999999 0.6428570312499999 0.99404765625 0.64384921875 0.99975234375 0.66567421875 0.99975234375 0.6679890625 0.9861109375
0 0.568121875 0.6470734375 0.57738125 0.64310546875 0.58134921875 0.6396328125 0.5836640625 0.63467265625 0.58134921875 0.6294640625000001 0.5800265625 0.628471875 0.57572734375 0.6279765625 0.56018515625 0.6321921875000001 0.555225 0.637153125 0.55456328125 0.64136875 0.5562171874999999 0.6445929687499999 0.564153125 0.6470734375 0.568121875 0.6470734375
0 0.597553125 0.64756953125 0.60615078125 0.6386406250000001 0.6071429687500001 0.63516875 0.6064812500000001 0.632440625 0.60350546875 0.6314484375 0.59920625 0.63169609375 0.58663984375 0.63566484375 0.57837265625 0.6436015625 0.5780421875 0.65004921875 0.5800265625 0.6525296875000001 0.59259296875 0.65029765625 0.597553125 0.64756953125
0 0.0873015625 0.78645859375 0.08763203124999999 0.79092265625 0.0909390625 0.7931546875000001 0.09953671875 0.7924109374999999 0.101190625 0.79092265625 0.10251328125 0.7869546875 0.10218281250000001 0.78273828125 0.10912734375 0.7782734375 0.11045 0.7748015625 0.10879609374999999 0.77108125 0.10449765625 0.76711328125 0.09490703125 0.7544640625000001 0.090278125 0.7509921875 0.0836640625 0.75024765625 0.07771171875 0.7529765625 0.07208984375000001 0.75768828125 0.06746015625 0.75868046875 0.06349218749999999 0.76240078125 0.06283046875000001 0.7673609375 0.0654765625 0.7713296875 0.07936484375 0.7852179687499999 0.0873015625 0.78645859375
2 0.67030390625 0.40873046874999996 0.67228828125 0.41418671875 0.68055546875 0.42782734375000003 0.6855156250000001 0.4303078125 0.69444453125 0.43055546875 0.70899453125 0.4265875 0.72023828125 0.421875 0.7271828124999999 0.41170625000000005 0.72817421875 0.4079859375 0.73313515625 0.40600234375 0.73743359375 0.40029765624999997 0.7400796875 0.39384921875 0.7437171874999999 0.38864062499999996 0.7437171874999999 0.3807046875 0.74140234375 0.37301562499999996 0.73412734375 0.36557578125 0.72817421875 0.36185546875 0.71329375 0.356646875 0.7050265625 0.3563984375 0.7013890625 0.3546625 0.69808203125 0.35515859375000003 0.692790625 0.35342265624999997 0.67956328125 0.35243046875 0.6699734375 0.3549109375 0.66534375 0.35788671875 0.66203671875 0.3611109375 0.65806875 0.37301562499999996 0.65806875 0.37996015625 0.663690625 0.39558515625 0.6693125 0.40079374999999995 0.67030390625 0.40873046874999996
0 0.15773828125 0.44047656249999995 0.16203671875 0.43973203125 0.16567421875 0.43154765624999997 0.16170625 0.4265875 0.15773828125 0.42609140625 0.14219609375 0.43328359375 0.14021171875 0.4357640625 0.13988125 0.43973203125 0.141534375 0.4422125 0.15013203125000002 0.44370078125 0.15773828125 0.44047656249999995
0 0.15013203125000002 0.42956328125 0.15443125 0.42708359375000005 0.160053125 0.42559531249999993 0.16137578125000002 0.42410703125 0.15839921875000001 0.41889843750000005 0.15443125 0.41666640624999995 0.14649453125 0.4171625 0.14087265625 0.41914687500000003 0.137896875 0.42212265625 0.13723515625 0.423859375 0.13822734375 0.42633906250000003 0.14219609375 0.43154765624999997 0.15013203125000002 0.42956328125
0 0.15046328125 0.41393828125 0.15806875 0.41145859375000005 0.16170625 0.4079859375 0.16203671875 0.40376953125000004 0.15839921875000001 0.40029765624999997 0.14583359375 0.40004921875 0.13822734375 0.40649765625 0.13756640625 0.40922656249999995 0.13988125 0.41319453125 0.145171875 0.41418671875 0.15046328125 0.41393828125
0 0.1349203125 0.41220234375000003 0.13558203124999998 0.41046640625 0.13955 0.40848203125 0.14417968750000001 0.40029765624999997 0.130290625 0.4005453125 0.12863750000000002 0.40376953125000004 0.12896796875 0.40748984374999997 0.13359765625 0.41021796874999994 0.1349203125 0.41220234375000003
0 0.1736109375 0.41517890625 0.1775796875 0.41567421875 0.18154765625 0.4119546875 0.17989453125 0.40748984374999997 0.1736109375 0.40476171875 0.163690625 0.40674609375 0.16038359375 0.40922656249999995 0.15873046875000002 0.41245078125 0.16203671875 0.4171625 0.17030390625 0.41641874999999995 0.1736109375 0.41517890625
0 0.18981484375 0.42733125000000005 0.19411406250000002 0.42410703125 0.194775 0.419890625 0.18948437499999998 0.41517890625 0.18551562500000002 0.4154265625 0.1792328125 0.41914687500000003 0.17592578125 0.42410703125 0.17526484375 0.42881953125 0.17625625 0.43129921875 0.18551562500000002 0.43377968750000007 0.18981484375 0.42733125000000005
0 0.1772484375 0.4513890625 0.17890234375 0.44791640624999995 0.17989453125 0.4375 0.1736109375 0.43477187500000003 0.16666640625 0.44122031249999993 0.16567421875 0.4439484375 0.16832031249999999 0.44890859375 0.1736109375 0.45287734375 0.1772484375 0.4513890625
0 0.15806875 0.4595734375 0.16203671875 0.45659687499999996 0.16402109375 0.45238125 0.16567421875 0.4513890625 0.16236796874999998 0.4422125 0.15773828125 0.44122031249999993 0.1481484375 0.44618046875 0.14682578125 0.44717265624999997 0.14583359375 0.45089296875 0.14550234374999998 0.455109375 0.15013203125000002 0.4603171875 0.15410078124999999 0.46081328125 0.15806875 0.4595734375
0 0.18882265625 0.45238125 0.192790625 0.44717265624999997 0.192790625 0.4432046875 0.18948437499999998 0.43799609375 0.18551562500000002 0.43675625 0.18419296875 0.43725234375 0.18154765625 0.43973203125 0.17956328125 0.44419609375 0.17890234375 0.44717265624999997 0.17989453125 0.45188515625000003 0.18154765625 0.453125 0.18882265625 0.45238125
0 0.1977515625 0.4422125 0.20072734374999998 0.43998046874999996 0.20271171875 0.43601171875 0.20171953125000003 0.42708359375000005 0.1974203125 0.42509921874999995 0.193121875 0.42559531249999993 0.1904765625 0.4275796875 0.18716953125 0.43427578125000005 0.1875 0.43700390625 0.1904765625 0.44072421874999995 0.192790625 0.44246015625 0.1977515625 0.4422125
0 0.2142859375 0.44370078125 0.21296328125000002 0.43725234375 0.20866406249999997 0.43601171875 0.2050265625 0.43675625 0.20205 0.44047656249999995 0.20271171875 0.44766874999999995 0.2050265625 0.44965312500000004 0.20899453124999998 0.44990078125000005 0.2142859375 0.44370078125
2 0.29728828125 0.40550625 0.30621718750000004 0.39756953125 0.31051562499999996 0.39260937500000004 0.31150781250000004 0.38095234375000003 0.31382265625 0.3797125 0.3154765625 0.37698437500000004 0.318121875 0.37648828125 0.32308203125 0.371528125 0.3300265625 0.3692953125 0.34226171875 0.36036718749999996 0.34986796875000004 0.36086328125 0.37070078125 0.35788671875 0.37466953125 0.35416640625 0.375 0.34871015625 0.373346875 0.34697421875 0.36805546875 0.34623046875 0.3614421875 0.34176562499999996 0.35978828125 0.34176562499999996 0.34589921874999996 0.34523828125 0.33035703125000004 0.35069453125 0.32506640625 0.3509421875 0.31481484375 0.35317421875 0.31018515625 0.3556546875 0.30621718750000004 0.355903125 0.29795 0.36011875 0.28538359375 0.3705359375 0.27876953125 0.37698437500000004 0.27810859374999997 0.37896796875 0.27910078125000004 0.3943453125 0.28637578124999996 0.40699375 0.29067421875 0.408234375 0.29728828125 0.40550625
2 0.48048906249999995 0.9079859375 0.48677265625 0.9151789062500001 0.4937171875 0.9181546875000001 0.498015625 0.9179070312500001 0.5095898437499999 0.9151789062500001 0.5135578125 0.9126984374999999 0.5175265625 0.9124507812499999 0.53009296875 0.9082343749999999 0.53670625 0.90302578125 0.53802890625 0.8995539062500001 0.5439812500000001 0.89211328125 0.54993359375 0.8861609375 0.5558859375 0.8819445312499999 0.55753984375 0.8772320312499999 0.55489453125 0.8630953124999999 0.54530390625 0.85788671875 0.54034375 0.8563984375 0.53273828125 0.84399765625 0.5304234375 0.83779765625 0.53075390625 0.8338296875 0.52910078125 0.83234140625 0.52513203125 0.8325890625 0.5211640625 0.83060546875 0.51719609375 0.8325890625 0.509259375 0.8330851562499999 0.505621875 0.8345734374999999 0.49041015625 0.8370539062500001 0.48842578124999997 0.8415179687500001 0.49041015625 0.84399765625 0.49041015625 0.8459820312499999 0.48015859375 0.8524304687500001 0.4768515625 0.85689453125 0.47850546875 0.87524765625 0.4751984375 0.8844242187500001 0.4751984375 0.8923609375 0.48048906249999995 0.9079859375
2 0.49470937499999995 0.95560546875 0.4973546875 0.9585812499999999 0.49669296875 0.96279765625 0.498015625 0.9640375000000001 0.5019843749999999 0.9615578125 0.5046296875 0.9625492187500001 0.507275 0.9677578125 0.51058203125 0.97023828125 0.5135578125 0.97842265625 0.5178570312499999 0.9756945312499999 0.5191796875 0.97296640625 0.5248015625 0.96726171875 0.5264546875 0.9593257812499999 0.53075390625 0.95560546875 0.53240703125 0.9511406250000001 0.53240703125 0.9392359375 0.52513203125 0.9268351562499999 0.5155421875 0.92212265625 0.5135578125 0.9171625000000001 0.5062828125000001 0.92063515625 0.49107109375 0.92311484375 0.4844578125 0.9293156249999999 0.48247343750000005 0.9352679687500001 0.48115078125000005 0.93626015625 0.4808203125 0.9437007812499999 0.48313515625000003 0.94717265625 0.48578046874999997 0.95560546875 0.49470937499999995 0.95560546875
2 0.5611773437500001 0.89484140625 0.57010546875 0.9015375000000001 0.57671953125 0.903521875 0.5816796875 0.9099703124999999 0.58796328125 0.9144343750000001 0.59160078125 0.91865078125 0.60284375 0.91765859375 0.6071429687500001 0.9146828125 0.60912734375 0.9119546875 0.6114421875 0.9045140625 0.61011875 0.89037734375 0.6074734375 0.8831843750000001 0.60350546875 0.8816960937499999 0.59589921875 0.87648828125 0.5909390625000001 0.875 0.5836640625 0.86904765625 0.57969609375 0.8670632812499999 0.57043671875 0.8712796875000001 0.568121875 0.87351171875 0.56481484375 0.8727679687500001 0.5651453125 0.86904765625 0.56018515625 0.8680554687500001 0.5588625 0.8700398437500001 0.5598546875 0.87524765625 0.5585320312500001 0.8804562499999999 0.5588625 0.8886406250000001 0.5611773437500001 0.89484140625
3 0.82936484375 0.87251953125 0.84126953125 0.8712796875000001 0.8460093750000001 0.87177578125 0.87268515625 0.8799601562499999 0.876653125 0.8829367187500001 0.8822749999999999 0.8849203125 0.8865742187500001 0.8886406250000001 0.8885578125 0.8926093749999999 0.8925265625 0.894096875 0.8998015625000001 0.89384921875 0.9001320312500001 0.8968257812499999 0.902778125 0.8943453124999999 0.90740703125 0.89384921875 0.9136906249999999 0.894096875 0.9169976562500001 0.8970734374999999 0.9236109375 0.8963296875 0.9219578125 0.8950890625 0.92162734375 0.8923609375 0.9236109375 0.89136875 0.92791015625 0.89136875 0.9312171875 0.8888890625 0.92427265625 0.8861609375 0.92063515625 0.8829367187500001 0.9123679687499999 0.8787203124999999 0.8650796875 0.85863125 0.8535054687500001 0.8526789062500001 0.8409390625000001 0.8482140625 0.8260578125 0.847221875 0.8194445312499999 0.8511906249999999 0.814153125 0.8524304687500001 0.8042328124999999 0.86086328125 0.8045632812499999 0.8650796875 0.814153125 0.87574375 0.8263890625 0.87177578125 0.82936484375 0.87251953125
3 0.7638890625 0.88938515625 0.755621875 0.8923609375 0.75892890625 0.89657734375 0.76587265625 0.9005453125 0.773809375 0.9022820312500001 0.777446875 0.9007937500000001 0.784721875 0.8928570312499999 0.79828046875 0.8824406249999999 0.807209375 0.8807046875 0.80654765625 0.8767359375 0.80125625 0.8730156250000001 0.80026484375 0.8687992187500001 0.79530390625 0.8640874999999999 0.7913359375 0.8655757812499999 0.78736796875 0.8695437500000001 0.78240703125 0.871528125 0.7767859374999999 0.87549609375 0.7698414062500001 0.8814484374999999 0.7681875 0.88467265625 0.76521171875 0.88640859375 0.7638890625 0.88938515625
0 0.02149453125 0.15426562500000002 0.02413984375 0.15104140625 0.025793749999999997 0.14558515625 0.0231484375 0.14161718750000002 0.01719609375 0.13913671875 0.009259375 0.14285703125 0.0036374999999999997 0.14856171875 0.00396796875 0.15476171875 0.0062828125 0.15724218750000002 0.0099203125 0.15873046875000002 0.02149453125 0.15426562500000002
0 0.0486109375 0.1701390625 0.0588625 0.1626984375 0.0558859375 0.15426562500000002 0.053240625 0.1515375 0.0489421875 0.1498015625 0.04464296875 0.15029765625 0.03902109375 0.15302578125 0.0357140625 0.15823437499999998 0.035053125000000004 0.1619546875 0.03670625 0.163690625 0.04265859375 0.16840312500000001 0.0486109375 0.1701390625
0 0.02447109375 0.13938515625 0.0320765625 0.1369046875 0.035053125000000004 0.1341765625 0.0357140625 0.1267359375 0.03306875 0.12450390625 0.027116406250000002 0.12475234375 0.0211640625 0.127728125 0.0195109375 0.1307046875 0.01884921875 0.13516875 0.020171875 0.13864062500000002 0.02149453125 0.13963281249999998 0.02447109375 0.13938515625
0 0.06349218749999999 0.14732109375 0.0651453125 0.14260937499999998 0.06216953125 0.13194453125 0.060515624999999997 0.12996015625 0.05654765625 0.12822421875 0.0486109375 0.13020859375 0.050264843749999996 0.1423609375 0.05555546875 0.14756953125 0.060515624999999997 0.1498015625 0.06349218749999999 0.14732109375
0 0.0588625 0.12723203125 0.0588625 0.122271875 0.05654765625 0.11557578125000001 0.05291015624999999 0.11433515624999999 0.0489421875 0.11433515624999999 0.04662734375 0.11656718749999999 0.04629609375 0.123015625 0.0486109375 0.12648828125 0.05654765625 0.1307046875 0.0588625 0.12723203125
