0 0.23842578125 0.09697421875 0.24437812499999997 0.0967265625 0.25132265625 0.09498984375 0.255621875 0.09151796875 0.25727500000000003 0.08779765625 0.25727500000000003 0.0828375 0.2529765625 0.07266875 0.24735468749999998 0.06770859375 0.23313515625 0.0587796875 0.21759296875 0.055059375 0.2050265625 0.05580390625 0.19874375 0.0595234375 0.1957671875 0.0682046875 0.1957671875 0.07291640625 0.21660078125 0.0828375 0.23148125 0.09573437500000001 0.23842578125 0.09697421875
0 0.19642890625 0.11656718749999999 0.21693125000000002 0.11855156250000001 0.22453671874999998 0.11532734375 0.229828125 0.111359375 0.23148125 0.10292656250000001 0.2271828125 0.09325390624999999 0.21759296875 0.0838296875 0.2050265625 0.07688515625 0.193121875 0.07291640625 0.1848546875 0.07192421875 0.17394218749999998 0.075396875 0.16865078125 0.07961328125 0.16501328125 0.08482109374999999 0.1646828125 0.09151796875 0.17129609375 0.10019843749999999 0.185846875 0.11185546875 0.19642890625 0.11656718749999999
0 0.21296328125000002 0.158978125 0.22089921875 0.16245078125 0.22949765625000002 0.16294609375 0.23511875 0.1619546875 0.244709375 0.15748984375 0.24669296875 0.14930546875 0.24404765624999997 0.1388890625 0.24107109375000002 0.13392890625 0.22850546875000002 0.12425625 0.21660078125 0.11979140625 0.20072734374999998 0.11780781250000001 0.19708984375 0.1192953125 0.19212968749999998 0.12723203125 0.19179921875 0.1307046875 0.1957671875 0.1423609375 0.20436484375 0.15277812500000001 0.21296328125000002 0.158978125
0 0.19708984375 0.20386875 0.20469609375000003 0.21106171875 0.21395468750000002 0.2142859375 0.22453671874999998 0.21626953124999998 0.233465625 0.21403750000000002 0.24570078125 0.20907734375000003 0.251653125 0.20262890625000002 0.25132265625 0.1932046875 0.24404765624999997 0.18229140625 0.23743359375 0.17683515625 0.2268515625 0.17261875 0.21660078125 0.16641875 0.20866406249999997 0.16765859375 0.20171953125000003 0.171875 0.19510546875 0.17336328125 0.18518515625 0.18154765625 0.1812171875 0.1892359375 0.18518515625 0.1966765625 0.18981484375 0.20138906250000002 0.19708984375 0.20386875
0 0.20667968750000001 0.2529765625 0.21197109374999998 0.25421640624999997 0.2179234375 0.25421640624999997 0.22089921875 0.25595234375000003 0.23280390624999997 0.25099218749999996 0.23941796875 0.2455359375 0.23941796875 0.23611093749999998 0.2344578125 0.22792656249999999 0.22453671874999998 0.21998984375 0.2070109375 0.21279765624999997 0.20138906250000002 0.21106171875 0.19708984375 0.21106171875 0.18419296875 0.21924609374999998 0.180225 0.22470234375000003 0.17890234375 0.23015859375 0.18154765625 0.23611093749999998 0.193121875 0.24578359375 0.20667968750000001 0.2529765625
0 0.248015625 0.23462265625 0.2490078125 0.22743046875 0.24570078125 0.2197421875 0.24041015625 0.21205390624999998 0.23214296874999998 0.21378984375 0.22552890625000002 0.21998984375 0.23511875 0.22966250000000002 0.24007968750000003 0.23908749999999998 0.24371718750000002 0.23958359375 0.248015625 0.23462265625
0 0.23611093749999998 0.28149765625 0.24735468749999998 0.28001015625000003 0.251653125 0.2767859375 0.25396796875 0.27182578125 0.2529765625 0.26240078125 0.248015625 0.25421640624999997 0.24007968750000003 0.24776796874999998 0.23578046874999997 0.24851171875000003 0.2304890625 0.25248046875 0.22552890625000002 0.2544640625 0.22023828124999997 0.25496015625 0.21230156249999999 0.2544640625 0.20833359375 0.2529765625 0.20469609375000003 0.25322421875 0.20436484375 0.25620078125 0.20965625000000002 0.26438515625000003 0.22354531249999998 0.27232109375 0.23611093749999998 0.28149765625
0 0.222221875 0.3182046875 0.23280390624999997 0.3196921875 0.23842578125 0.3182046875 0.24404765624999997 0.31398828125 0.24669296875 0.3067953125 0.24570078125 0.3013390625 0.23379609375000002 0.28075390625 0.22519843750000001 0.27331328125 0.21362421875 0.268353125 0.20866406249999997 0.26512890625 0.20337265625 0.26512890625 0.18816171875 0.269096875 0.182209375 0.2767859375 0.18320078125 0.28323437500000004 0.1875 0.2904265625 0.21461640625 0.31498046875 0.222221875 0.3182046875
0 0.19808203124999998 0.35788671875 0.20800234374999998 0.36011875 0.21263203125 0.35987109375 0.21726171875000003 0.35788671875 0.222221875 0.34995078125 0.2215609375 0.34251015625000003 0.218584375 0.33705390625 0.20866406249999997 0.32862109375 0.19146796875 0.32142890625 0.1845234375 0.3216765625 0.17989453125 0.32291640625 0.1765875 0.325396875 0.1755953125 0.32837265625 0.17526484375 0.3345734375 0.1765875 0.33953359375000003 0.1848546875 0.34424609375 0.19808203124999998 0.35788671875
0 0.1663359375 0.37623984374999997 0.1736109375 0.3787203125 0.18551562500000002 0.37996015625 0.18816171875 0.3794640625 0.19609765625 0.37351171875 0.19808203124999998 0.3650796875 0.19675937500000001 0.35912734375 0.18981484375 0.34920625 0.18419296875 0.34573437500000004 0.18055546875 0.3420140625 0.17394218749999998 0.3400296875 0.16302890625 0.34126953125 0.15575390625000002 0.34399765625 0.1498015625 0.3482140625 0.1481484375 0.35143828125 0.1481484375 0.3576390625 0.15013203125000002 0.3623515625 0.15674609374999998 0.36979140625 0.1663359375 0.37623984374999997
0 0.18981484375 0.38467265624999997 0.19708984375 0.3888890625 0.20436484375 0.39037734375 0.21296328125000002 0.39037734375 0.22023828124999997 0.38839296874999996 0.222553125 0.38095234375000003 0.222221875 0.37599218749999996 0.22056874999999998 0.37078359375000003 0.21693125000000002 0.3658234375 0.20899453124999998 0.36086328125 0.20072734374999998 0.35987109375 0.1977515625 0.36135937500000004 0.19808203124999998 0.3692953125 0.19642890625 0.37351171875 0.18783046875 0.3797125 0.18981484375 0.38467265624999997
0 0.193121875 0.4109625 0.1957671875 0.41170625000000005 0.19808203124999998 0.421875 0.19708984375 0.4283234375 0.2050265625 0.42609140625 0.20899453124999998 0.42311484374999997 0.211309375 0.41964296875 0.21197109374999998 0.4126984375 0.2106484375 0.40625 0.2030421875 0.3953375 0.19675937500000001 0.39112109375 0.18849218750000002 0.39037734375 0.18386249999999998 0.39161718749999996 0.17791015625 0.39583359375 0.17791015625 0.3998015625 0.1812171875 0.40104140624999995 0.1845234375 0.40476171875 0.193121875 0.4109625
0 0.17427265625 0.43377968750000007 0.17956328125 0.43477187500000003 0.19246015625 0.43377968750000007 0.19708984375 0.43055546875 0.20072734374999998 0.42534687499999996 0.20436484375 0.423859375 0.1994046875 0.42137890625 0.19543671875 0.4119546875 0.18386249999999998 0.40401796875 0.17791015625 0.39856171875 0.17493359375 0.39930546875 0.16600546875 0.398809375 0.1610453125 0.40029765624999997 0.156084375 0.40401796875 0.1534390625 0.408234375 0.15277812500000001 0.41592265624999997 0.156415625 0.42113125 0.1646828125 0.42881953125 0.17427265625 0.43377968750000007
0 0.17394218749999998 0.4623015625 0.18154765625 0.46081328125 0.18386249999999998 0.45932578125 0.18783046875 0.451140625 0.18617734375 0.4459328125 0.17956328125 0.43849218749999996 0.17030390625 0.43353203125000006 0.16203671875 0.4310515625 0.15443125 0.43328359375 0.1461640625 0.43873984374999997 0.1445109375 0.44171640625 0.14484140625 0.4466765625 0.14913984375 0.45386875 0.15806875 0.4615578125 0.17394218749999998 0.4623015625
0 0.18783046875 0.45064453125000004 0.18981484375 0.45163671875 0.19345234375 0.44890859375 0.1957671875 0.44444453125 0.19642890625 0.43427578125000005 0.1984125 0.43154765624999997 0.1974203125 0.42807578125 0.1957671875 0.42981171875 0.18981484375 0.43229140624999995 0.18518515625 0.43204374999999995 0.181878125 0.43328359375 0.1772484375 0.4327875 0.17295 0.43402812500000004 0.17261875 0.435515625 0.1772484375 0.43675625 0.18253984375 0.44146796874999994 0.18783046875 0.45064453125000004
0 0.14649453125 0.49206328125 0.15376953124999998 0.49305546875 0.15773828125 0.49231171875 0.17030390625 0.4861109375 0.16898125 0.47842265624999997 0.16402109375 0.4670140625 0.16170625 0.46478203125000006 0.15443125 0.4630453125 0.13458984375 0.46478203125000006 0.13194453125 0.466765625 0.13095234375 0.47247031249999993 0.130621875 0.47891874999999995 0.132275 0.482390625 0.1425265625 0.49057578125 0.14649453125 0.49206328125
0 0.34424609375 0.63566484375 0.35284375 0.6396328125 0.35714296874999996 0.64037734375 0.36276484375 0.6396328125 0.3683859375 0.63566484375 0.3713625 0.63120078125 0.37103203125 0.625 0.36640234375 0.61557578125 0.36011875 0.61086328125 0.35714296874999996 0.60962265625 0.34556875 0.61061484375 0.3392859375 0.6140875 0.3353171875 0.6185515625 0.33498671875 0.62351171875 0.336309375 0.62648828125 0.3389546875 0.63095234375 0.34424609375 0.63566484375
0 0.3849203125 0.6212796875000001 0.39186484374999997 0.61830390625 0.39649453125 0.60863125 0.39616406249999997 0.60267890625 0.39384921875 0.59970234375 0.37301562499999996 0.5873015625 0.35780390624999997 0.59325390625 0.35615078125 0.5957343749999999 0.35648124999999997 0.60441484375 0.3720234375 0.61904765625 0.380290625 0.6212796875000001 0.3849203125 0.6212796875000001
0 0.39616406249999997 0.60044609375 0.40443125 0.5994546875 0.41501328125 0.59226171875 0.41865078125000005 0.5873015625 0.41931250000000003 0.57936484375 0.41567421875 0.575396875 0.4126984375 0.5761406250000001 0.40972187499999996 0.5724203125 0.40906093749999994 0.56845234375 0.40410078125000004 0.56572421875 0.39484140624999997 0.56398828125 0.37632265625 0.569940625 0.373346875 0.5724203125 0.3723546875 0.57762890625 0.37533046875 0.58754921875 0.3925265625 0.5994546875 0.39616406249999997 0.60044609375
0 0.395171875 0.56200390625 0.41170625000000005 0.5672125 0.41732812499999994 0.56746015625 0.42129609375 0.5669640625000001 0.4275796875 0.5642359375 0.42989453125 0.5615078125 0.431878125 0.5525796875 0.43022499999999997 0.546875 0.42030390625 0.5376984375 0.41402109375 0.534721875 0.40839921874999996 0.5329859375 0.3998015625 0.5334820312499999 0.39484140624999997 0.53645859375 0.38657421875 0.54365078125 0.38525156250000003 0.54613125 0.38458984375 0.5488593749999999 0.3859125 0.5525796875 0.38955 0.5580359374999999 0.395171875 0.56200390625
0 0.41964296875 0.575396875 0.42328046874999997 0.57862109375 0.43353203125000006 0.57663671875 0.43650781250000004 0.5744046875000001 0.44179921875000006 0.5647320312499999 0.44113749999999996 0.55704375 0.43650781250000004 0.54737109375 0.43154765624999997 0.54365078125 0.42956328125 0.5448906250000001 0.43022499999999997 0.5560515625 0.42791015625 0.5625 0.41765859375 0.5682046875 0.41964296875 0.575396875
0 0.43518515625000004 0.54439453125 0.439484375 0.54439453125 0.44246015625 0.5429070312500001 0.4474203125 0.5424109374999999 0.45105781250000004 0.54017890625 0.45469609375 0.533978125 0.45469609375 0.53001015625 0.45271171875 0.5228171875000001 0.44708984375 0.5176093749999999 0.43816171875 0.51587265625 0.42592578124999997 0.5116570312500001 0.41898125 0.512896875 0.41137578125 0.5186015625 0.40972187499999996 0.52232109375 0.41170625000000005 0.52876953125 0.42295 0.538690625 0.43518515625000004 0.54439453125
0 0.44510546875 0.51612109375 0.454034375 0.51686484375 0.46263203124999996 0.5126484375 0.464946875 0.507440625 0.46395468749999996 0.49876015625000003 0.46097890625 0.49379921875 0.45634921874999995 0.48958359375000005 0.44444453125 0.48164687500000003 0.4312171875 0.4796625 0.42394218749999996 0.48189453125000004 0.4163359375 0.49330390625 0.41765859375 0.4982640625 0.4265875 0.50892890625 0.4375 0.51413671875 0.44510546875 0.51612109375
0 0.46263203124999996 0.49627968750000007 0.46693125 0.49751953125000004 0.47023828125 0.5 0.47850546875 0.5 0.48313515625000003 0.498015625 0.4861109375 0.4942953125 0.48677265625 0.48586328125 0.48412734375 0.4771828125 0.48015859375 0.47296640625 0.46660078125000004 0.47296640625 0.45370390625 0.46899765625 0.45105781250000004 0.46974218749999996 0.44708984375 0.47420625000000005 0.44609765625 0.47767890625 0.44708984375 0.48214296875 0.4530421875 0.48561484374999997 0.46263203124999996 0.49627968750000007
0 0.47056875 0.47247031249999993 0.48214296875 0.47147812499999997 0.48545 0.46924609375 0.48776484375000007 0.46378984375 0.48677265625 0.45585312499999997 0.4808203125 0.44717265624999997 0.47453671875000003 0.44295625000000005 0.46726171875 0.44047656249999995 0.46197109375 0.43725234375 0.45205 0.43700390625 0.44708984375 0.43799609375 0.4401453125 0.445684375 0.43981484374999996 0.455109375 0.454034375 0.46751015625000003 0.46527812500000004 0.47172656249999995 0.47056875 0.47247031249999993
0 0.46726171875 0.375 0.47056875 0.37648828125 0.48313515625000003 0.3685515625 0.48545 0.36483125 0.48644218749999996 0.356646875 0.48214296875 0.34697421875 0.47916640624999995 0.34498984374999997 0.47420625000000005 0.34424609375 0.46329374999999995 0.33978203125 0.45436484374999997 0.34796640624999997 0.4513890625 0.35342265624999997 0.45105781250000004 0.35714296874999996 0.45072734375 0.3650796875 0.45238125 0.36830390625 0.4606484375 0.37450390625 0.46726171875 0.375
0 0.4457671875 0.408234375 0.45568749999999997 0.4134421875 0.45965625 0.413690625 0.46825390625 0.41220234375000003 0.47156093749999994 0.408234375 0.47123046874999996 0.40376953125000004 0.4679234375 0.390625 0.46395468749999996 0.38467265624999997 0.45965625 0.38194453125 0.45105781250000004 0.37921640624999997 0.44279062500000005 0.3807046875 0.43849218749999996 0.38268828125 0.435846875 0.3859125 0.435515625 0.393353125 0.43683828125 0.3970734375 0.443121875 0.40302578125000005 0.4457671875 0.408234375
0 0.52513203125 0.65649765625 0.53273828125 0.65600234375 0.5363757812500001 0.6545140625 0.54067421875 0.65029765625 0.5413359375 0.6463296875 0.53339921875 0.6388890625 0.531415625 0.6349203125 0.52943125 0.6279765625 0.5304234375 0.62251953125 0.527446875 0.621528125 0.5181875 0.6230156250000001 0.5095898437499999 0.6227679687500001 0.5036375 0.62748046875 0.5039679687499999 0.6361609374999999 0.5122351562499999 0.65029765625 0.5181875 0.6545140625 0.52513203125 0.65649765625
0 0.54100546875 0.6448414062500001 0.5522484375000001 0.6490578124999999 0.5605156250000001 0.64831328125 0.568121875 0.6450890625000001 0.5720898437499999 0.6396328125 0.57374375 0.6297125 0.5720898437499999 0.6220234375 0.564153125 0.6083828125 0.55654765625 0.609375 0.55125625 0.6123515625 0.5446429687500001 0.6133429687499999 0.54067421875 0.6150796875 0.5340609374999999 0.6185515625 0.5304234375 0.6240078125 0.53009296875 0.62822421875 0.5320765625 0.6349203125 0.53670625 0.64136875 0.54100546875 0.6448414062500001
0 0.56746015625 0.5954859375 0.5763890625 0.59498984375 0.58498671875 0.5927578125 0.59160078125 0.58754921875 0.59424609375 0.57961328125 0.5909390625000001 0.57142890625 0.58597890625 0.56299609375 0.57671953125 0.55753984375 0.5720898437499999 0.55753984375 0.5582007812499999 0.5605156250000001 0.5562171874999999 0.56200390625 0.54563515625 0.565228125 0.5433203125 0.56944453125 0.5429890625 0.5758929687500001 0.54761875 0.58482109375 0.55654765625 0.59449375 0.56746015625 0.5954859375
0 0.619378125 0.5880453125 0.6269843749999999 0.59126953125 0.6345898437499999 0.5920140625 0.641534375 0.59052578125 0.64913984375 0.585565625 0.6517859374999999 0.5803570312499999 0.6511242187499999 0.57118046875 0.64715625 0.5634921875 0.6359125 0.55481171875 0.626653125 0.55009921875 0.6183859375 0.549603125 0.60086015625 0.5585320312500001 0.59986796875 0.5664679687499999 0.6018515625 0.57266875 0.6094578125 0.58134921875 0.619378125 0.5880453125
0 0.5486109375 0.55282734375 0.5525796875 0.5553078124999999 0.56316171875 0.55753984375 0.5687828125000001 0.5567953125 0.5734125 0.5533234375 0.5763890625 0.5491070312499999 0.5770500000000001 0.5369546875 0.5727515624999999 0.5292656250000001 0.5691140625 0.52529765625 0.5611773437500001 0.5203375 0.5525796875 0.5186015625 0.5479499999999999 0.52083359375 0.5396828124999999 0.5369546875 0.53836015625 0.54092265625 0.53902109375 0.5478671875 0.5449734375 0.55208359375 0.5486109375 0.55282734375
0 0.6038359375 0.555059375 0.6114421875 0.5533234375 0.619709375 0.54637890625 0.6223546875 0.53670625 0.615740625 0.52331328125 0.60284375 0.52058515625 0.58399453125 0.53199375 0.57837265625 0.53918671875 0.5780421875 0.54563515625 0.5803570312499999 0.54935546875 0.58763203125 0.55357109375 0.6038359375 0.555059375
0 0.57043671875 0.50669609375 0.57506640625 0.50942421875 0.58333359375 0.5109125 0.5909390625000001 0.5099203125 0.5988757812500001 0.507440625 0.6038359375 0.5037203124999999 0.6074734375 0.49727187500000003 0.60879609375 0.48586328125 0.60813515625 0.482390625 0.60284375 0.476934375 0.59556875 0.47420625000000005 0.5906085937500001 0.47420625000000005 0.5856484375 0.47842265624999997 0.5806875 0.48065468750000007 0.568121875 0.48040703125000006 0.5644843749999999 0.48214296875 0.5667992187500001 0.48685546874999996 0.56283046875 0.49330390625 0.5634921875 0.498015625 0.57043671875 0.50669609375
0 0.674603125 0.5275296875000001 0.6848546875 0.5248015625 0.69510546875 0.5178570312499999 0.6970898437499999 0.51016875 0.69543671875 0.50496015625 0.693121875 0.5017359375 0.6855156250000001 0.49727187500000003 0.6752648437500001 0.49404765624999997 0.6643515625 0.4935515625 0.65410078125 0.49479140624999995 0.64947109375 0.498015625 0.64913984375 0.52182578125 0.65079375 0.523809375 0.65839921875 0.5267859374999999 0.674603125 0.5275296875000001
0 0.567790625 0.10962265625 0.575396875 0.11061484375 0.58399453125 0.10962265625 0.59556875 0.10342265625 0.59920625 0.10267890625000001 0.6074734375 0.09251015625 0.61243359375 0.07142890625000001 0.61011875 0.0595234375 0.6071429687500001 0.05481171875 0.5988757812500001 0.05481171875 0.59556875 0.056299218750000005 0.58333359375 0.0553078125 0.57969609375 0.05679531249999999 0.5747351562499999 0.05282734375 0.5605156250000001 0.049603125 0.5522484375000001 0.058283593749999994 0.54662734375 0.06845234375 0.54365078125 0.07762890624999999 0.5449734375 0.0880453125 0.5486109375 0.09474218749999999 0.5558859375 0.1036703125 0.567790625 0.10962265625
0 0.641534375 0.17857109375 0.65476171875 0.1817953125 0.65806875 0.18353203125 0.6673281249999999 0.17733125 0.674603125 0.16765859375 0.6828703125 0.16121015625 0.685846875 0.15724218750000002 0.6861773437500001 0.13864062500000002 0.6792328125 0.12623984375 0.67030390625 0.12078359375 0.663690625 0.12251953125 0.6593914062499999 0.12276796875 0.65410078125 0.12152812500000001 0.6428570312499999 0.12351171875 0.62996015625 0.12723203125 0.62566171875 0.1294640625 0.623346875 0.13467265625 0.62268515625 0.14087265625 0.6223546875 0.15302578125 0.625 0.16294609375 0.6296296875 0.1701390625 0.641534375 0.17857109375
0 0.5611773437500001 0.20932578125 0.57738125 0.20262890625000002 0.5945765625 0.19295625 0.60251328125 0.1736109375 0.60317421875 0.16493046875 0.6018515625 0.1599703125 0.59523828125 0.1545140625 0.58763203125 0.153521875 0.58134921875 0.15649765625 0.5770500000000001 0.1599703125 0.56481484375 0.16319453125 0.560846875 0.163690625 0.5525796875 0.1609625 0.5449734375 0.17534687499999999 0.5446429687500001 0.1827875 0.54828046875 0.1932046875 0.55654765625 0.20585312500000003 0.5611773437500001 0.20932578125
0 0.63260546875 0.26636875 0.6345898437499999 0.26760937500000004 0.6425265625 0.26785703125000004 0.6451718750000001 0.26587265625 0.6554234375 0.26810546875 0.66170625 0.26512890625 0.67162734375 0.2557046875 0.6775796875 0.24429531249999997 0.6765875 0.236359375 0.67129609375 0.22495078125 0.6663359375 0.21825390625000002 0.660053125 0.2177578125 0.6478171875000001 0.2232140625 0.64219609375 0.22048593749999998 0.6385578125 0.22023828124999997 0.63359765625 0.22147812500000003 0.63095234375 0.22023828124999997 0.6220234375 0.21924609374999998 0.61904765625 0.22098203125000002 0.6150796875 0.22842265624999997 0.61441796875 0.23462265625 0.61607109375 0.23983125 0.6240078125 0.25 0.63260546875 0.26636875
0 0.6894843749999999 0.23387890625000002 0.6970898437499999 0.22891875 0.70072734375 0.22817421875 0.7056875 0.22519843750000001 0.70899453125 0.22098203125000002 0.7139546875 0.20932578125 0.715278125 0.2001484375 0.71296328125 0.1919640625 0.7076718750000001 0.18799609374999998 0.70238125 0.179315625 0.693121875 0.17534687499999999 0.6848546875 0.1790671875 0.68154765625 0.18353203125 0.6736109375 0.1827875 0.66600546875 0.18526796875 0.66170625 0.18849218750000002 0.6607140625000001 0.194940625 0.6607140625000001 0.20932578125 0.6775796875 0.23561484375 0.681878125 0.236359375 0.6894843749999999 0.23387890625000002
0 0.6845234375 0.30729140625 0.6904765625 0.30654765624999997 0.70469609375 0.3025796875 0.71693125 0.2921625 0.72089921875 0.28670625 0.72453671875 0.2767859375 0.7251984375 0.26364062499999996 0.72453671875 0.262153125 0.7215609374999999 0.26066484375 0.68783046875 0.253471875 0.6812171874999999 0.25024765625 0.6696429687500001 0.2599203125 0.6646828124999999 0.26810546875 0.66203671875 0.27529765624999997 0.6613757812500001 0.2842265625 0.6646828124999999 0.29662734375 0.6775796875 0.30580390625 0.6845234375 0.30729140625
0 0.6970898437499999 0.3797125 0.7086640625 0.3787203125 0.722553125 0.37376015625000003 0.7324734375 0.367559375 0.74140234375 0.35391875 0.74305546875 0.34151796874999996 0.73941796875 0.3380453125 0.72817421875 0.3373015625 0.71263203125 0.32936484374999997 0.7053570312499999 0.32911718749999996 0.6974203125 0.33333359375 0.6855156250000001 0.34375 0.6808859375 0.35391875 0.680225 0.36532734375000003 0.6848546875 0.37376015625000003 0.692790625 0.378471875 0.6970898437499999 0.3797125
0 0.7404101562500001 0.419890625 0.7519843749999999 0.41765859375 0.76719609375 0.40476171875 0.7731484375 0.393353125 0.773809375 0.38864062499999996 0.7675265625 0.38293671875 0.7546296875 0.37996015625 0.74966953125 0.3767359375 0.7480156250000001 0.37351171875 0.74404765625 0.3720234375 0.73478828125 0.37549609375 0.7251984375 0.38368046875 0.71924609375 0.39161718749999996 0.71726171875 0.3963296875 0.71626953125 0.40352187500000003 0.7195765625 0.41418671875 0.7324734375 0.419890625 0.7404101562500001 0.419890625
0 0.75859765625 0.46329374999999995 0.76124375 0.466765625 0.76719609375 0.47023828125 0.77546328125 0.4670140625 0.79100546875 0.45411718749999996 0.7949734375 0.45262890625 0.7979499999999999 0.44543671875 0.80125625 0.4432046875 0.8009257812499999 0.43427578125000005 0.79728828125 0.42708359375000005 0.79100546875 0.42261875 0.7843914062499999 0.42088281250000004 0.7675265625 0.42113125 0.7622351562499999 0.423859375 0.7595898437499999 0.42410703125 0.7542992187500001 0.43229140624999995 0.7519843749999999 0.43873984374999997 0.751653125 0.44370078125 0.75330703125 0.45089296875 0.75760546875 0.45709296874999994 0.75859765625 0.46329374999999995
0 0.807209375 0.43129921875 0.8095234375 0.435515625 0.8144843749999999 0.43898828125 0.8300265625 0.4392359375 0.8429234375 0.43328359375 0.8492062499999999 0.4236109375 0.85152109375 0.41245078125 0.8501984374999999 0.404265625 0.84556875 0.40004921875 0.84193125 0.40004921875 0.8300265625 0.3953375 0.8242390625 0.3970734375 0.81845234375 0.39484140624999997 0.8161375 0.3950890625 0.81316171875 0.39583359375 0.8098546875 0.39831328125 0.8005953124999999 0.40922656249999995 0.7989421875 0.41170625000000005 0.79993359375 0.41790703125000006 0.7989421875 0.423859375 0.807209375 0.43129921875
0 0.6772484375000001 0.6279765625 0.689153125 0.6269843749999999 0.6941140625 0.62251953125 0.6990742187500001 0.6103671875 0.69874375 0.6029265625 0.6941140625 0.59449375 0.6888226562499999 0.59226171875 0.68154765625 0.59126953125 0.678240625 0.5927578125 0.67328046875 0.59226171875 0.65806875 0.59399765625 0.65410078125 0.5982140625000001 0.6554234375 0.6113593749999999 0.66336015625 0.6232640625 0.6699734375 0.6269843749999999 0.6772484375000001 0.6279765625
0 0.70337265625 0.57837265625 0.7123015625 0.5811015625 0.71693125 0.58134921875 0.72552890625 0.57886875 0.72949765625 0.5761406250000001 0.7354499999999999 0.5644843749999999 0.7354499999999999 0.5582835937499999 0.73280390625 0.5488593749999999 0.72850546875 0.5446429687500001 0.72023828125 0.5411703125 0.71660078125 0.54092265625 0.7070109375 0.54637890625 0.7050265625 0.54637890625 0.7010578125 0.544146875 0.692790625 0.54662734375 0.6901453125 0.5491070312499999 0.68981484375 0.55282734375 0.6937828125000001 0.56126015625 0.6970898437499999 0.57316484375 0.70337265625 0.57837265625
0 0.93783046875 0.79761875 0.942790625 0.7988593749999999 0.94708984375 0.7988593749999999 0.9550265625 0.79637890625 0.9603171875 0.79092265625 0.96362421875 0.7802578125 0.9629632812500001 0.77108125 0.9589945312499999 0.762896875 0.95370390625 0.76041640625 0.94345234375 0.75768828125 0.93981484375 0.758184375 0.9355156250000001 0.7571921875000001 0.9239421875 0.758184375 0.92162734375 0.7614085937499999 0.92228828125 0.7802578125 0.9272484375 0.7884421875000001 0.9328703125000001 0.7946429687500001 0.93783046875 0.79761875
0 0.9745367187499999 0.7849703124999999 0.98578046875 0.78645859375 0.9933859375 0.784721875 0.9980156250000001 0.78174609375 0.99966953125 0.78174609375 0.99966953125 0.7609125 0.9980156250000001 0.7609125 0.9897484375 0.7557046875 0.9821429687500001 0.7539679687499999 0.97023828125 0.75595234375 0.9649468750000001 0.75967265625 0.9629632812500001 0.76488125 0.9626320312500001 0.7673609375 0.9659390625000001 0.7755453125 0.96924609375 0.78075390625 0.9745367187499999 0.7849703124999999
0 0.9441140625 0.70833359375 0.95337265625 0.7073414062500001 0.9649468750000001 0.70386875 0.97089921875 0.6989085937499999 0.97288359375 0.6922125 0.96759296875 0.68427578125 0.9589945312499999 0.6775796875 0.9520500000000001 0.6758429687499999 0.94708984375 0.6758429687499999 0.94345234375 0.6760914062500001 0.93683828125 0.67956328125 0.9275796875 0.6892359375 0.9259257812499999 0.69444453125 0.92625625 0.6994046875000001 0.9292328124999999 0.70337265625 0.935846875 0.706596875 0.9441140625 0.70833359375
0 0.90376953125 0.690971875 0.9120367187499999 0.6932046875 0.92162734375 0.6830359374999999 0.9265874999999999 0.6696429687500001 0.92261875 0.6661703125 0.9090609374999999 0.6599703124999999 0.90410078125 0.65600234375 0.8998015625000001 0.65600234375 0.8958335937499999 0.65674609375 0.89186484375 0.658978125 0.88458984375 0.6661703125 0.8796296874999999 0.67336328125 0.87929921875 0.6775796875 0.8816140625 0.68154765625 0.891534375 0.6897320312499999 0.90376953125 0.690971875
0 0.86375625 0.6760914062500001 0.87731484375 0.6775796875 0.8806218749999999 0.6755953124999999 0.8812828125 0.67063515625 0.8895500000000001 0.6602179687499999 0.8905421875 0.6572421875 0.88756640625 0.65376953125 0.8730156250000001 0.65079375 0.8531742187500001 0.65649765625 0.8508601562500001 0.6592265625 0.8498679687499999 0.66294609375 0.8495367187499999 0.66592265625 0.8508601562500001 0.6681546875000001 0.8574734375 0.6738593749999999 0.86375625 0.6760914062500001
0 0.9312171875 0.72743046875 0.93320078125 0.72668671875 0.935846875 0.7244546875 0.9388226562499999 0.716021875 0.94179921875 0.71279765625 0.94179921875 0.70907734375 0.9335320312500001 0.7061015625 0.9285710937499999 0.703125 0.9239421875 0.69766875 0.9236109375 0.6932046875 0.9193125 0.69295625 0.9160054687500001 0.69419609375 0.9093914062499999 0.70163671875 0.9090609374999999 0.70560546875 0.9117062499999999 0.71354140625 0.9229499999999999 0.72470234375 0.9312171875 0.72743046875
0 0.95006640625 0.7537203124999999 0.95337265625 0.7544640625000001 0.9550265625 0.75620078125 0.95734140625 0.7539679687499999 0.9659390625000001 0.75074375 0.9715609374999999 0.74379921875 0.96660078125 0.74057578125 0.9623015625000001 0.74131953125 0.9586640624999999 0.7388390625000001 0.95469609375 0.737846875 0.9454367187500001 0.74379921875 0.9437828125 0.74751953125 0.94345234375 0.7522320312499999 0.9444445312499999 0.75322421875 0.94708984375 0.7544640625000001 0.95006640625 0.7537203124999999
0 0.79034375 0.60887890625 0.7986109375 0.61061484375 0.8025796875 0.61011875 0.807209375 0.60788671875 0.8105156250000001 0.6036703125 0.810846875 0.59970234375 0.8088625 0.59399765625 0.8022484375 0.58606171875 0.7946429687500001 0.5823414062500001 0.79100546875 0.5818453124999999 0.78802890625 0.5828375 0.77943125 0.59052578125 0.77546328125 0.5917656250000001 0.78009296875 0.601934375 0.79034375 0.60887890625
0 0.74966953125 0.6123515625 0.7595898437499999 0.612846875 0.7675265625 0.60813515625 0.7685187499999999 0.5994546875 0.76587265625 0.59300625 0.7645500000000001 0.591021875 0.75694453125 0.58606171875 0.74966953125 0.5845734375 0.74404765625 0.58506953125 0.7384257812499999 0.58829375 0.7344578125 0.59449375 0.7344578125 0.59970234375 0.7384257812499999 0.6056546875000001 0.7417328125 0.60887890625 0.74966953125 0.6123515625
0 0.7324734375 0.65501015625 0.74140234375 0.6515375 0.7433859375 0.64682578125 0.74305546875 0.6423609375 0.7321429687500001 0.63045625 0.72552890625 0.62822421875 0.72056875 0.6289679687499999 0.71329375 0.6334328124999999 0.71097890625 0.637153125 0.71296328125 0.64384921875 0.7195765625 0.6522820312500001 0.72420625 0.65501015625 0.7324734375 0.65501015625
0 0.74404765625 0.637896875 0.74768515625 0.6376484375 0.75892890625 0.6307046875 0.7599203125 0.6267359375 0.7562828125000001 0.617559375 0.744378125 0.6113593749999999 0.7361109375 0.60962265625 0.73115078125 0.612846875 0.72850546875 0.61879921875 0.72817421875 0.6227679687500001 0.73412734375 0.6314484375 0.74107109375 0.6369046875000001 0.74404765625 0.637896875
0 0.77182578125 0.64756953125 0.77513203125 0.6426093749999999 0.77149453125 0.63442421875 0.7638890625 0.6292164062500001 0.7595898437499999 0.6292164062500001 0.75760546875 0.63194453125 0.7519843749999999 0.63442421875 0.7486773437500001 0.6383929687500001 0.744378125 0.640625 0.74404765625 0.64310546875 0.748346875 0.6478171875000001 0.7595898437499999 0.65128984375 0.77182578125 0.64756953125
0 0.7764546875 0.6388890625 0.77711640625 0.6426093749999999 0.78306875 0.6448414062500001 0.78703671875 0.6445929687499999 0.79563515625 0.6359125 0.79728828125 0.632440625 0.79761875 0.6240078125 0.79563515625 0.61979140625 0.788690625 0.6133429687499999 0.78339921875 0.61185546875 0.77149453125 0.61185546875 0.7638890625 0.61879921875 0.7615742187500001 0.6230156250000001 0.7638890625 0.62450390625 0.7698414062500001 0.633184375 0.7764546875 0.6388890625
0 0.7215609374999999 0.6748515625 0.72751328125 0.6696429687500001 0.72817421875 0.6654265625 0.7268515625 0.66245078125 0.718915625 0.65501015625 0.7123015625 0.6545140625 0.70469609375 0.65575390625 0.70072734375 0.6602179687499999 0.70072734375 0.66517890625 0.70271171875 0.66939453125 0.71263203125 0.6758429687499999 0.7215609374999999 0.6748515625
0 0.7404101562500001 0.6646828124999999 0.74404765625 0.66319453125 0.7457007812499999 0.6619546875 0.7470234375 0.6582343749999999 0.74404765625 0.6525296875000001 0.7404101562500001 0.65004921875 0.737103125 0.65302578125 0.7318125 0.65476171875 0.72652109375 0.65476171875 0.72453671875 0.65625 0.72486796875 0.6592265625 0.72916640625 0.66319453125 0.7321429687500001 0.664434375 0.7404101562500001 0.6646828124999999
0 0.8048945312500001 0.7011406250000001 0.8062171875 0.6932046875 0.8025796875 0.68824375 0.79927265625 0.6865078125 0.78703671875 0.6875 0.7843914062499999 0.6919640625000001 0.784721875 0.69717265625 0.79100546875 0.7048609375 0.7989421875 0.7053570312499999 0.8048945312500001 0.7011406250000001
0 0.5945765625 0.419890625 0.59920625 0.42137890625 0.6074734375 0.42137890625 0.6147484375000001 0.41765859375 0.62433828125 0.41046640625 0.6296296875 0.40029765624999997 0.630621875 0.3923609375 0.6286375 0.3888890625 0.62731484375 0.3821921875 0.6230156250000001 0.375 0.619378125 0.37276796874999996 0.61243359375 0.37103203125 0.60317421875 0.3720234375 0.5968914062499999 0.3705359375 0.58697109375 0.37251953125 0.58333359375 0.37524765625 0.57771171875 0.3869046875 0.5770500000000001 0.39558515625 0.5820109375 0.41145859375000005 0.58763203125 0.4161703125 0.5945765625 0.419890625
0 0.5211640625 0.43725234375 0.53306875 0.43725234375 0.54530390625 0.42807578125 0.5486109375 0.4201390625 0.54927265625 0.41046640625 0.54662734375 0.40079374999999995 0.54067421875 0.39459296875 0.53670625 0.39310546875 0.5095898437499999 0.39583359375 0.5009921875 0.40104140624999995 0.498346875 0.40699375 0.498015625 0.41220234375000003 0.50033046875 0.419890625 0.5138890625 0.43477187500000003 0.5211640625 0.43725234375
0 0.5529101562500001 0.28224218749999996 0.55456328125 0.28100234375 0.5598546875 0.2829859375 0.56183828125 0.2869546875 0.56481484375 0.28893828125 0.5810187499999999 0.288690625 0.58300234375 0.28670625 0.58465625 0.2795140625 0.58498671875 0.27058515625 0.58432578125 0.26686484374999997 0.5800265625 0.26314453125 0.58333359375 0.2584328125 0.586309375 0.24925625 0.58697109375 0.23908749999999998 0.58597890625 0.23685546875000002 0.5836640625 0.23561484375 0.5529101562500001 0.2415671875 0.5449734375 0.24131953125 0.54067421875 0.24677578125 0.54067421875 0.26240078125 0.5443125 0.27232109375 0.55191796875 0.28174609375 0.5529101562500001 0.28224218749999996
0 0.59556875 0.2795140625 0.60052890625 0.27157734375000003 0.6018515625 0.26165703125 0.60052890625 0.25148828125 0.59556875 0.24479140625 0.5929234375 0.25223203125000004 0.5909390625000001 0.26711328125 0.59126953125 0.27579375 0.59226171875 0.2782734375 0.59556875 0.2795140625
0 0.5515875 0.34598203125000004 0.55753984375 0.34275781250000004 0.56944453125 0.3311015625 0.57671953125 0.3172125 0.5780421875 0.31051562499999996 0.57671953125 0.3077875 0.5720898437499999 0.3067953125 0.5625 0.309771875 0.556878125 0.31274765625 0.5486109375 0.31101171875 0.54067421875 0.31324375 0.53703671875 0.3154765625 0.53306875 0.324653125 0.53273828125 0.3380453125 0.5363757812500001 0.34573437500000004 0.5413359375 0.3494546875 0.5515875 0.34598203125000004
0 0.626653125 0.3244046875 0.637896875 0.3338296875 0.64219609375 0.33333359375 0.64583359375 0.331596875 0.65674609375 0.31870078125 0.65839921875 0.31101171875 0.65575390625 0.29439453125 0.6531085937500001 0.2869546875 0.64913984375 0.28125 0.64583359375 0.27926562499999996 0.63095234375 0.28001015625000003 0.619709375 0.2829859375 0.61375625 0.2829859375 0.6094578125 0.2857140625 0.6068125 0.2911703125 0.60615078125 0.2986109375 0.61441796875 0.31101171875 0.62003984375 0.31448437500000004 0.626653125 0.3244046875
0 0.75595234375 0.1619546875 0.7602515624999999 0.16294609375 0.77149453125 0.16245078125 0.78009296875 0.15873046875000002 0.7933203125 0.14831328125 0.79993359375 0.13988125 0.8025796875 0.133184375 0.8035710937499999 0.1232640625 0.7969578125 0.0982140625 0.7913359375 0.09598203125 0.78306875 0.09498984375 0.77976171875 0.09151796875 0.77910078125 0.0845734375 0.77513203125 0.08308515625 0.77248671875 0.08432578125 0.77083359375 0.0873015625 0.7609125 0.096478125 0.755621875 0.09548593749999999 0.751653125 0.096478125 0.74933828125 0.10019843749999999 0.7480156250000001 0.10689453125 0.7470234375 0.10863125 0.74140234375 0.112103125 0.7397484375000001 0.11731171874999999 0.73941796875 0.123015625 0.74305546875 0.14211328125 0.7480156250000001 0.15525781249999998 0.75595234375 0.1619546875
0 0.7318125 0.061260156249999996 0.7384257812499999 0.06845234375 0.74239453125 0.07043671875 0.75066171875 0.07192421875 0.7635578125 0.070684375 0.77910078125 0.06324375 0.78902109375 0.052331249999999996 0.7939812500000001 0.03720234375 0.7926585937499999 0.021825781250000002 0.79100546875 0.017609375 0.78703671875 0.012648437500000002 0.78240703125 0.0091765625 0.77149453125 0.00595234375 0.7681875 0.006944531249999999 0.7595898437499999 0.0071921875 0.7536375 0.00967265625 0.7539679687499999 0.0109125 0.7513226562499999 0.01438515625 0.74669296875 0.016121093750000003 0.7400796875 0.015625 0.72916640625 0.0213296875 0.7298281249999999 0.0255453125 0.72652109375 0.0329859375 0.72784375 0.0498515625 0.7318125 0.061260156249999996
0 0.6861773437500001 0.13839296875 0.68683828125 0.1545140625 0.68816171875 0.15575390625000002 0.6901453125 0.15575390625000002 0.70271171875 0.1478171875 0.71097890625 0.13566484375 0.7142859374999999 0.1240078125 0.7142859374999999 0.11557578125000001 0.7123015625 0.1076390625 0.70469609375 0.10218281250000001 0.6970898437499999 0.1056546875 0.6875 0.107390625 0.685846875 0.11061484375 0.6779101562500001 0.1123515625 0.67328046875 0.11483125000000001 0.67063515625 0.11780781250000001 0.67030390625 0.11904765625 0.67857109375 0.12549609374999998 0.6845234375 0.13368046875 0.6861773437500001 0.13839296875
0 0.762896875 0.246528125 0.7784390625000001 0.24776796874999998 0.78736796875 0.2462796875 0.79728828125 0.24082343750000001 0.8039023437499999 0.22941484375 0.80654765625 0.2217265625 0.8058859375 0.21279765624999997 0.8025796875 0.20238125 0.79728828125 0.19543671875 0.78306875 0.1904765625 0.77910078125 0.1904765625 0.773809375 0.1919640625 0.76719609375 0.19146796875 0.76488125 0.194940625 0.755621875 0.19816484375 0.74966953125 0.20882968750000003 0.748346875 0.21354140625 0.75033046875 0.22668671875 0.759259375 0.24330390624999998 0.762896875 0.246528125
0 0.7195765625 0.45337265625 0.7288359375 0.45907734375000003 0.7404101562500001 0.46329374999999995 0.75066171875 0.46354140624999995 0.7562828125000001 0.46106171875 0.75793671875 0.4588296875 0.7519843749999999 0.44766874999999995 0.751653125 0.43849218749999996 0.75694453125 0.42683515625 0.751653125 0.42113125 0.7480156250000001 0.41939453125000004 0.73313515625 0.42038671875 0.72420625 0.4171625 0.72056875 0.41691484375 0.71197109375 0.42113125 0.70800234375 0.42733125000000005 0.70634921875 0.43402812500000004 0.70833359375 0.44022812499999997 0.711309375 0.4459328125 0.7195765625 0.45337265625
0 0.73578046875 0.5037203124999999 0.7400796875 0.503471875 0.7480156250000001 0.49900781250000004 0.75694453125 0.492559375 0.7619046875000001 0.4861109375 0.76256640625 0.48065468750000007 0.76124375 0.47495078125 0.757275 0.46974218749999996 0.751653125 0.46651796875 0.7400796875 0.46577343750000005 0.7238757812500001 0.47420625000000005 0.7156085937500001 0.47420625000000005 0.71263203125 0.47147812499999997 0.71097890625 0.47495078125 0.7106484375 0.48139843750000005 0.71263203125 0.48983125000000005 0.72486796875 0.49950390625 0.73578046875 0.5037203124999999
0 0.72089921875 0.5357140625000001 0.7251984375 0.53670625 0.733465625 0.534721875 0.737103125 0.53248984375 0.73941796875 0.5282734375 0.74503984375 0.52256953125 0.7457007812499999 0.51686484375 0.7400796875 0.50892890625 0.72784375 0.5071921875000001 0.7195765625 0.50942421875 0.71660078125 0.50694453125 0.70800234375 0.5064484375 0.70469609375 0.5071921875000001 0.7013890625 0.50942421875 0.696759375 0.5198414062500001 0.6977515624999999 0.5255453125 0.7050265625 0.53199375 0.71329375 0.5357140625000001 0.72089921875 0.5357140625000001
0 0.6752648437500001 0.46651796875 0.6772484375000001 0.46875 0.6812171874999999 0.46998984374999997 0.69080703125 0.4704859375 0.7010578125 0.46850234375 0.70370390625 0.4670140625 0.70833359375 0.45858125000000005 0.70932578125 0.4548609375 0.7086640625 0.45039687500000003 0.7076718750000001 0.44692421875 0.70436484375 0.4432046875 0.696759375 0.4375 0.68981484375 0.43601171875 0.682209375 0.43700390625 0.67228828125 0.44890859375 0.6719578125 0.45238125 0.6772484375000001 0.45998671875 0.6772484375000001 0.46279765624999997 0.6752648437500001 0.46651796875
0 0.59160078125 0.451140625 0.59953671875 0.44717265624999997 0.60416640625 0.4392359375 0.60052890625 0.423859375 0.58300234375 0.41666640624999995 0.5770500000000001 0.4201390625 0.5747351562499999 0.42410703125 0.569775 0.4275796875 0.5671296875 0.43154765624999997 0.568121875 0.43353203125000006 0.5595234375 0.43873984374999997 0.56283046875 0.44717265624999997 0.568121875 0.44890859375 0.58333359375 0.4513890625 0.59160078125 0.451140625
0 0.65873046875 0.58779765625 0.6792328125 0.58854140625 0.689153125 0.59052578125 0.6921296875 0.58854140625 0.6970898437499999 0.5798609375 0.6970898437499999 0.5758929687500001 0.692790625 0.56101171875 0.689153125 0.55481171875 0.68154765625 0.55307578125 0.65839921875 0.5585320312500001 0.65410078125 0.5580359374999999 0.6498015625 0.5602679687500001 0.65013203125 0.56795625 0.65410078125 0.57738125 0.6607140625000001 0.5845734375 0.65873046875 0.58779765625
0 0.49503984375 0.29290703125 0.5 0.29637890625 0.501653125 0.3025796875 0.5036375 0.29439453125 0.509259375 0.29092265624999997 0.51124375 0.2876984375 0.5115742187500001 0.28323437500000004 0.5095898437499999 0.27802578125 0.5009921875 0.2713296875 0.49537031249999997 0.2693453125 0.49041015625 0.268353125 0.48148125 0.268353125 0.47850546875 0.269096875 0.4771828125 0.2713296875 0.476190625 0.28001015625000003 0.47420625000000005 0.28273828125 0.47586015625 0.28670625 0.49503984375 0.29290703125
0 0.49768515625000004 0.3154765625 0.50231484375 0.30307578125 0.5013226562499999 0.29712265625 0.49404765624999997 0.29265859375000003 0.48247343750000005 0.28794609375 0.47751328125 0.28720234375000003 0.47453671875000003 0.2896828125 0.47420625000000005 0.29092265624999997 0.48148125 0.3025796875 0.4937171875 0.31398828125 0.49768515625000004 0.3154765625
0 0.48214296875 0.2557046875 0.48644218749999996 0.25545625 0.49636250000000004 0.25198437500000004 0.5019843749999999 0.2490078125 0.50595234375 0.24528750000000002 0.507275 0.23611093749999998 0.49272499999999997 0.23164687499999997 0.4900796875 0.22817421875 0.4861109375 0.22792656249999999 0.48214296875 0.2259421875 0.47420625000000005 0.22643828125 0.4695765625 0.22817421875 0.464946875 0.23586328124999997 0.46461640624999995 0.24057578125 0.46825390625 0.248015625 0.47056875 0.25024765625 0.48214296875 0.2557046875
0 0.5026453125 0.24404765624999997 0.50330703125 0.24528750000000002 0.505621875 0.24528750000000002 0.5062828125000001 0.23834296875 0.5099203125 0.23263906250000002 0.5095898437499999 0.22643828125 0.505621875 0.2197421875 0.501653125 0.21651796874999998 0.4900796875 0.21205390624999998 0.48214296875 0.21106171875 0.47486796875000004 0.21329375 0.47552890625 0.22445468750000003 0.49768515625000004 0.2299109375 0.505290625 0.237846875 0.5026453125 0.24404765624999997
0 0.47354531250000004 0.18948437499999998 0.48214296875 0.1892359375 0.49041015625 0.18551562500000002 0.49537031249999997 0.1817953125 0.4973546875 0.17782734375 0.494378125 0.16989062500000002 0.48776484375000007 0.16517890625 0.47850546875 0.1619546875 0.47453671875000003 0.16170625 0.45965625 0.16418671875 0.45634921874999995 0.16592265625 0.454034375 0.17063515625 0.454034375 0.1775796875 0.45767187500000006 0.18204375 0.46660078125000004 0.18774765625 0.47354531250000004 0.18948437499999998
0 0.47850546875 0.10168671874999999 0.49041015625 0.09498984375 0.49206328125 0.09151796875 0.49074062500000004 0.08209296875 0.4861109375 0.0734125 0.48214296875 0.0696921875 0.47288359375000005 0.0672125 0.46660078125000004 0.06373984375 0.46263203124999996 0.06349218749999999 0.45767187500000006 0.06671640625 0.454034375 0.07614062499999999 0.45370390625 0.08035703125 0.45899453125 0.09201406250000001 0.47056875 0.09970234375 0.47850546875 0.10168671874999999
0 0.5062828125000001 0.1220234375 0.5095898437499999 0.1212796875 0.5145500000000001 0.11830390625000001 0.51587265625 0.11631953125000001 0.51521171875 0.107390625 0.50793671875 0.09970234375 0.498015625 0.09449375 0.49404765624999997 0.09449375 0.49074062500000004 0.09573437500000001 0.476190625 0.10615078124999999 0.47652109375 0.1111109375 0.48148125 0.1150796875 0.4973546875 0.12152812500000001 0.5062828125000001 0.1220234375
0 0.49470937499999995 0.14409687499999999 0.49768515625000004 0.1436015625 0.5029765625 0.13963281249999998 0.5036375 0.13392890625 0.5009921875 0.12623984375 0.50330703125 0.123015625 0.4973546875 0.12351171875 0.4897484375 0.11904765625 0.47652109375 0.1138390625 0.47420625000000005 0.11334296875000001 0.46759296875 0.116815625 0.4606484375 0.12574375 0.46097890625 0.13095234375 0.46329374999999995 0.13541640625 0.47420625000000005 0.14384921875 0.49470937499999995 0.14409687499999999
0 0.48776484375000007 0.16493046875 0.49404765624999997 0.1688984375 0.498346875 0.16865078125 0.50231484375 0.1671625 0.5095898437499999 0.16245078125 0.51124375 0.15848203125 0.5099203125 0.15302578125 0.5066140625 0.14955390625 0.498346875 0.1450890625 0.47949765624999996 0.1450890625 0.47453671875000003 0.14682578125 0.47288359375000005 0.15401796875 0.4695765625 0.1579859375 0.47089921874999996 0.16021796875 0.48776484375000007 0.16493046875
0 0.5 0.065228125 0.51686484375 0.065228125 0.5211640625 0.06101171875 0.52347890625 0.05654765625 0.52182578125 0.049603125 0.51587265625 0.04365078125 0.49768515625000004 0.03546640625 0.4900796875 0.03794609375 0.48677265625 0.046875 0.483465625 0.050842968749999995 0.48280390625 0.057043750000000004 0.4844578125 0.0595234375 0.49074062500000004 0.06324375 0.5 0.065228125
0 0.54662734375 0 0.54662734375 0.00223203125 0.5595234375 0.018353125 0.568121875 0.02256953125 0.5800265625 0.0240578125 0.5889546875 0.0220734375 0.5968914062499999 0.01785703125 0.6051585937499999 0.006944531249999999 0.6064812500000001 0 0.54662734375 0
0 0.3776453125 0 0.3776453125 0.00595234375 0.380290625 0.01165703125 0.38392890625 0.015128906249999999 0.38988125 0.018353125 0.39649453125 0.019592968750000002 0.41170625000000005 0.01537734375 0.41534375 0.00669609375 0.4146828125 0 0.3776453125 0
0 0.41964296875 0.06572421875 0.42824062500000004 0.06572421875 0.431878125 0.06498046874999999 0.43783046875 0.06175625 0.44146796874999994 0.052331249999999996 0.43882265625 0.0451390625 0.43716953125 0.0438984375 0.4275796875 0.042162500000000006 0.42030390625 0.0431546875 0.4143515625 0.045635156249999996 0.40939140625 0.0498515625 0.40873046874999996 0.05679531249999999 0.41236796875000004 0.06200390625 0.41666640624999995 0.06473203125 0.41964296875 0.06572421875
0 0.373346875 0.05654765625 0.37070078125 0.04613125 0.36541015625 0.04141875 0.3611109375 0.039930468749999996 0.3554890625 0.0396828125 0.3429234375 0.0431546875 0.3445765625 0.05282734375 0.34953671875 0.06200390625 0.36078046874999997 0.06200390625 0.373346875 0.05654765625
0 0.42394218749999996 0.11904765625 0.43055546875 0.1192953125 0.435515625 0.11830390625000001 0.44047656249999995 0.11433515624999999 0.44444453125 0.1076390625 0.4441140625 0.10292656250000001 0.44179921875000006 0.0994546875 0.43518515625000004 0.09498984375 0.4265875 0.09449375 0.41600546875 0.0994546875 0.4146828125 0.10143828125000001 0.41302890625 0.106646875 0.41336015625 0.1111109375 0.41898125 0.11706328125000001 0.42394218749999996 0.11904765625
0 0.45899453125 0.045882812499999995 0.468584375 0.0431546875 0.47189140625 0.040674218750000005 0.47321406250000003 0.03794609375 0.47123046874999996 0.03373046875 0.46825390625 0.03125 0.45998671875 0.02876953125 0.45502656249999995 0.030010156249999996 0.45171953125000003 0.0349703125 0.45171953125000003 0.04290703125 0.45271171875 0.044890625 0.45502656249999995 0.045882812499999995 0.45899453125 0.045882812499999995
0 0.34160078125000004 0.16493046875 0.3465609375 0.15823437499999998 0.34325390625 0.1490578125 0.33399453125 0.14484140625 0.3260578125 0.1453375 0.3244046875 0.1478171875 0.32374375 0.15525781249999998 0.3263890625 0.16021796875 0.33300234375 0.164434375 0.34160078125000004 0.16493046875
0 0.43154765624999997 0.20907734375000003 0.439484375 0.20386875 0.44113749999999996 0.201140625 0.439484375 0.1939484375 0.435515625 0.190228125 0.42857109375 0.18824375 0.42261875 0.18948437499999998 0.42063515625000003 0.1922125 0.41865078125000005 0.20089296874999998 0.41997343750000005 0.20386875 0.42228828125 0.20585312500000003 0.43154765624999997 0.20907734375000003
0 0.43154765624999997 0.2353671875 0.439153125 0.2353671875 0.44477500000000003 0.232390625 0.44642890625 0.22842265624999997 0.443121875 0.2232140625 0.43882265625 0.22023828124999997 0.43055546875 0.21800625 0.42625624999999995 0.21899765625 0.42162734375 0.2224703125 0.42129609375 0.22470234375000003 0.42493359374999995 0.22817421875 0.42691796875000004 0.23214296874999998 0.43154765624999997 0.2353671875
0 0.6997351562499999 0.40327343750000005 0.7050265625 0.40302578125000005 0.71263203125 0.40104140624999995 0.71660078125 0.39732109375 0.722221875 0.3859125 0.73280390625 0.3767359375 0.7354499999999999 0.37276796874999996 0.7324734375 0.3702875 0.72850546875 0.37103203125 0.72123046875 0.375 0.7060187499999999 0.37996015625 0.698346875 0.37996015625 0.68518515625 0.37599218749999996 0.674603125 0.3888890625 0.674603125 0.393353125 0.6792328125 0.39756953125 0.68518515625 0.40079374999999995 0.6997351562499999 0.40327343750000005
0 0.61078046875 0.5193453124999999 0.625 0.519096875 0.626653125 0.5198414062500001 0.6312828125000001 0.5186015625 0.6332671875 0.5173609375 0.63392890625 0.5099203125 0.64186484375 0.50620078125 0.64186484375 0.50148828125 0.6445109375 0.498015625 0.6428570312499999 0.49404765624999997 0.63756640625 0.48983125000000005 0.63260546875 0.48784687499999996 0.6236773437500001 0.48586328125 0.619378125 0.486359375 0.615740625 0.49603203125000006 0.6134257812499999 0.49900781250000004 0.6094578125 0.50074375 0.6051585937499999 0.50595234375 0.6048281249999999 0.51016875 0.6021828124999999 0.5136406250000001 0.608465625 0.5186015625 0.61078046875 0.5193453124999999
0 0.64847890625 0.4744546875 0.65476171875 0.466765625 0.65443125 0.46254921875 0.6478171875000001 0.45436484374999997 0.64120390625 0.44866093749999997 0.630621875 0.4446921875 0.6279765625 0.44940468750000007 0.6223546875 0.46825390625 0.62169296875 0.47495078125 0.6230156250000001 0.47643828125 0.64219609375 0.4771828125 0.64847890625 0.4744546875
0 0.6104499999999999 0.46565 0.6111109375 0.4704859375 0.6127648437500001 0.46180546875 0.61607109375 0.4588296875 0.62003984375 0.45089296875 0.6210320312500001 0.4432046875 0.6071429687500001 0.44295625000000005 0.60350546875 0.44444453125 0.6021828124999999 0.44717265624999997 0.60251328125 0.4588296875 0.6051585937499999 0.461309375 0.608465625 0.46254921875 0.6104499999999999 0.46565
0 0.85251328125 0.6974203125 0.85515859375 0.69370078125 0.8568125 0.6855156250000001 0.8538359375000001 0.68055546875 0.84126953125 0.679315625 0.83862421875 0.68129921875 0.8356484375000001 0.6865078125 0.83597890625 0.6932046875 0.83961640625 0.69791640625 0.84623046875 0.6994046875000001 0.85251328125 0.6974203125
0 0.9160054687500001 0.7978671875 0.9239421875 0.79836328125 0.9325398437500001 0.7948906250000001 0.9219578125 0.78001015625 0.9193125 0.76686484375 0.91402109375 0.76537734375 0.9107140625 0.76587265625 0.90410078125 0.77108125 0.9017859375 0.77455390625 0.9014546875 0.78149765625 0.9031085937500001 0.78670625 0.9117062499999999 0.79613125 0.9160054687500001 0.7978671875
0 0.6048281249999999 0.35342265624999997 0.60912734375 0.36879921875 0.6220234375 0.37103203125 0.6269843749999999 0.38120078125 0.630621875 0.3814484375 0.6352515624999999 0.38020859375 0.64186484375 0.37475234375 0.6445109375 0.367559375 0.6461640625 0.3536703125 0.6445109375 0.34176562499999996 0.6388890625 0.33606171875 0.630290625 0.3311015625 0.626653125 0.330853125 0.62268515625 0.3325890625 0.6094578125 0.33482109375 0.60317421875 0.3338296875 0.59986796875 0.33606171875 0.59788359375 0.33754921875 0.59788359375 0.34151796874999996 0.60052890625 0.34424609375 0.6048281249999999 0.35342265624999997
0 0.575396875 0.36061484374999997 0.5780421875 0.35987109375 0.58465625 0.36036718749999996 0.586309375 0.35962265625 0.5873015625 0.35788671875 0.58663984375 0.34151796874999996 0.58399453125 0.336309375 0.57936484375 0.3311015625 0.57572734375 0.3298609375 0.57308203125 0.335565625 0.55555546875 0.35540703125 0.5558859375 0.359375 0.564153125 0.36433515625 0.5720898437499999 0.3640875 0.575396875 0.36061484374999997
0 0.5423281249999999 0.3501984375 0.5611773437500001 0.34176562499999996 0.57308203125 0.32564453125 0.5780421875 0.3107640625 0.57671953125 0.30729140625 0.5760578125 0.30654765624999997 0.56845234375 0.30729140625 0.5582007812499999 0.31225234375 0.5489421875 0.31126015625000003 0.54100546875 0.31349218749999996 0.5363757812500001 0.3172125 0.53240703125 0.32837265625 0.5320765625 0.335565625 0.534721875 0.34449375 0.53836015625 0.34895859375 0.5423281249999999 0.3501984375
