0 0.5135578125 0.366815625 0.52513203125 0.3638390625 0.531415625 0.35863125 0.5360453125 0.3501984375 0.5360453125 0.34449375 0.53373046875 0.34052578125 0.52910078125 0.33680546875 0.52413984375 0.33606171875 0.5211640625 0.3373015625 0.51719609375 0.3373015625 0.51058203125 0.33432578125 0.505621875 0.33482109375 0.50066171875 0.3390375 0.49867734375 0.34350234375 0.49966953125 0.35342265624999997 0.5029765625 0.359375 0.505621875 0.362103125 0.5135578125 0.366815625
0 0.45833359375000005 0.36979140625 0.47089921874999996 0.37400781250000004 0.4844578125 0.36706328125 0.48776484375000007 0.36259921875 0.49041015625 0.3546625 0.49041015625 0.34895859375 0.48578046874999997 0.34176562499999996 0.48247343750000005 0.340278125 0.472553125 0.33829375 0.4623015625 0.33978203125 0.4586640625 0.3407734375 0.45171953125000003 0.3454859375 0.45105781250000004 0.34895859375 0.45072734375 0.35813515625000003 0.45171953125000003 0.36135937500000004 0.45370390625 0.3658234375 0.45833359375000005 0.36979140625
0 0.48214296875 0.33581328125 0.49041015625 0.32564453125 0.4937171875 0.31448437500000004 0.48809531249999993 0.304315625 0.48280390625 0.3015875 0.46660078125000004 0.30183515625 0.46163984375 0.30580390625 0.45899453125 0.31448437500000004 0.45932578125 0.3224203125 0.46560859375 0.3318453125 0.46990703125 0.33432578125 0.48214296875 0.33581328125
0 0.689153125 0.28670625 0.6937828125000001 0.28645859375 0.6997351562499999 0.283978125 0.70899453125 0.2767859375 0.71296328125 0.26760937500000004 0.71296328125 0.25620078125 0.7086640625 0.25148828125 0.692790625 0.2584328125 0.68154765625 0.26537734375 0.6739421875 0.26785703125000004 0.6699734375 0.26537734375 0.6683203125 0.26661718749999996 0.6679890625 0.26810546875 0.670965625 0.27529765624999997 0.6752648437500001 0.27976171875 0.689153125 0.28670625
0 0.72751328125 0.252728125 0.7321429687500001 0.25198437500000004 0.7380953124999999 0.2490078125 0.74140234375 0.24603203125 0.7453703125 0.23933515625 0.7460320312500001 0.23214296874999998 0.74404765625 0.22544609375000002 0.7404101562500001 0.226190625 0.7354499999999999 0.22891875 0.72784375 0.22842265624999997 0.7251984375 0.2306546875 0.72089921875 0.23834296875 0.71660078125 0.248015625 0.718584375 0.25123984374999997 0.72453671875 0.2529765625 0.72751328125 0.252728125
2 0.46461640624999995 0.7698414062500001 0.47453671875000003 0.76612109375 0.48214296875 0.7609125 0.48545 0.7547125 0.49206328125 0.7480156250000001 0.49206328125 0.7442953125 0.49669296875 0.7366070312499999 0.49900781250000004 0.73586328125 0.5066140625 0.737846875 0.5095898437499999 0.73759921875 0.51488125 0.73511875 0.51686484375 0.7313984375 0.52711640625 0.7209820312499999 0.531415625 0.70436484375 0.53174609375 0.69717265625 0.52876953125 0.6884921875 0.52347890625 0.6810515625 0.5175265625 0.67807578125 0.51488125 0.67509921875 0.5095898437499999 0.66170625 0.50859765625 0.66145859375 0.49636250000000004 0.6604664062500001 0.4861109375 0.66145859375 0.4788359375 0.6634421875000001 0.45899453125 0.671875 0.45436484374999997 0.6758429687499999 0.45105781250000004 0.6830359374999999 0.4566796875 0.75967265625 0.45899453125 0.765625 0.46296328124999997 0.7713296875 0.46461640624999995 0.7698414062500001
2 0.57969609375 0.627728125 0.5803570312499999 0.6294640625000001 0.58432578125 0.63020859375 0.5873015625 0.63442421875 0.586309375 0.637896875 0.5820109375 0.6426093749999999 0.5810187499999999 0.6540179687500001 0.58597890625 0.6584820312499999 0.58796328125 0.6619546875 0.59589921875 0.6688984375 0.60416640625 0.67063515625 0.6094578125 0.6760914062500001 0.6147484375000001 0.6790671875000001 0.626653125 0.68080390625 0.634259375 0.6837796875000001 0.65046328125 0.6857640625 0.65839921875 0.68898828125 0.6696429687500001 0.6912203124999999 0.6775796875 0.68998046875 0.6792328125 0.68675625 0.678240625 0.68154765625 0.67162734375 0.6701390625 0.670965625 0.66567421875 0.66170625 0.6540179687500001 0.66302890625 0.65029765625 0.6570765625 0.64310546875 0.660053125 0.6386406250000001 0.6607140625000001 0.63467265625 0.65806875 0.63045625 0.65376953125 0.6297125 0.6517859374999999 0.6259921875 0.6481484375 0.6227679687500001 0.6405421875 0.61879921875 0.6385578125 0.612846875 0.63392890625 0.6071429687500001 0.625 0.60069453125 0.6223546875 0.5974703124999999 0.6130953124999999 0.5947421875 0.59788359375 0.596478125 0.5856484375 0.60342265625 0.58399453125 0.6103671875 0.57308203125 0.62351171875 0.5747351562499999 0.6259921875 0.57969609375 0.627728125
0 0.0625 0.21602187499999997 0.0760578125 0.21254921875 0.0780421875 0.21106171875 0.079034375 0.20932578125 0.0780421875 0.20386875 0.07208984375000001 0.20064453124999998 0.0625 0.19990078125 0.0562171875 0.20089296874999998 0.05291015624999999 0.20882968750000003 0.05357109375 0.21205390624999998 0.060515624999999997 0.21751015625 0.0625 0.21602187499999997
0 0.08961640625 0.1994046875 0.09126953125000001 0.19717265625 0.09193124999999999 0.19097187499999999 0.08763203124999999 0.18626015625 0.0806875 0.18601171875 0.069775 0.1932046875 0.07043671875 0.20064453124999998 0.0760578125 0.20386875 0.07969609375 0.20386875 0.08961640625 0.1994046875
0 0.1068125 0.18601171875 0.10648125 0.18080390625 0.09556875000000001 0.17534687499999999 0.09160078125 0.1783234375 0.0873015625 0.17857109375 0.08432578125 0.18080390625 0.08465625 0.1857640625 0.09160078125 0.19171640625 0.09920625 0.19146796875 0.1068125 0.18601171875
