0 0.0806875 0.34251015625000003 0.0873015625 0.34375 0.0929234375 0.34300625 0.10019843749999999 0.33705390625 0.10350546875 0.32911718749999996 0.10218281250000001 0.31795625 0.09556875000000001 0.30927578125 0.08763203124999999 0.30357109375 0.07572734375 0.30183515625 0.0654765625 0.30357109375 0.0625 0.30580390625 0.060846875 0.31026796874999996 0.06018515625 0.31919609375 0.0615078125 0.32663671875 0.06779062500000001 0.3380453125 0.0806875 0.34251015625000003
0 0.8035710937499999 0.10069453125000001 0.8134921875 0.10416640625 0.82936484375 0.10515859375 0.8343257812499999 0.10515859375 0.8366398437499999 0.10317421874999999 0.8369710937500001 0.09498984375 0.8339945312499999 0.0865578125 0.8224203125 0.07638906250000001 0.8181218749999999 0.07415703125 0.8098546875 0.07291640625 0.7986109375 0.074653125 0.79662734375 0.07663671875 0.79166640625 0.0880453125 0.79067421875 0.0982140625 0.79100546875 0.0994546875 0.7946429687500001 0.101190625 0.8035710937499999 0.10069453125000001
0 0.73875625 0.13938515625 0.74503984375 0.13541640625 0.751653125 0.13293671875 0.75793671875 0.1267359375 0.74768515625 0.11706328125000001 0.742725 0.11731171874999999 0.73875625 0.11805546874999999 0.7288359375 0.12276796875 0.7235453125 0.1267359375 0.71990703125 0.1314484375 0.71924609375 0.13864062500000002 0.72023828125 0.13963281249999998 0.7314812500000001 0.13839296875 0.73875625 0.13938515625
0 0.7509921875 0.16964296875 0.755290625 0.16765859375 0.7615742187500001 0.1579859375 0.7595898437499999 0.15550625 0.74404765625 0.15476171875 0.7361109375 0.15525781249999998 0.7288359375 0.15699375 0.72751328125 0.15823437499999998 0.73412734375 0.16666640625 0.7404101562500001 0.169146875 0.7509921875 0.16964296875
0 0.248015625 0.73462265625 0.25198437500000004 0.73363125 0.25628281249999996 0.7296625 0.25859765625 0.72470234375 0.25892890625 0.71949375 0.26124375 0.71354140625 0.2609125 0.7088296875 0.25925937499999996 0.7078375 0.25198437500000004 0.7078375 0.24371718750000002 0.70932578125 0.2397484375 0.71279765625 0.23875625 0.7177578125 0.23842578125 0.7251984375 0.24007968750000003 0.7301585937499999 0.24570078125 0.73412734375 0.248015625 0.73462265625
0 0.29166640625 0.73983125 0.29662734375 0.73983125 0.3042328125 0.7366070312499999 0.3078703125 0.72941484375 0.30820078125 0.7207343749999999 0.30621718750000004 0.716021875 0.3025796875 0.71205390625 0.2986109375 0.70982109375 0.29431250000000003 0.710565625 0.2860453125 0.7165179687500001 0.2804234375 0.72371015625 0.2784390625 0.72842265625 0.281084375 0.7333828125 0.28703671875 0.7385914062500001 0.29166640625 0.73983125
0 0.4219578125 0.73933515625 0.42394218749999996 0.7323906250000001 0.42261875 0.72842265625 0.42063515625000003 0.72569453125 0.41600546875 0.7229664062500001 0.41203671875000003 0.7224703124999999 0.40806875 0.72420625 0.40906093749999994 0.731646875 0.41302890625 0.73983125 0.41600546875 0.74305546875 0.4219578125 0.73933515625
0 0.46660078125000004 0.77604140625 0.47552890625 0.77083359375 0.48412734375 0.75967265625 0.4861109375 0.7519843749999999 0.48412734375 0.74032734375 0.4768515625 0.7353671875 0.47056875 0.73412734375 0.46362421875 0.73487109375 0.45701093750000005 0.73958359375 0.45370390625 0.74454375 0.45072734375 0.7519843749999999 0.4530421875 0.76314453125 0.45767187500000006 0.7695929687499999 0.46660078125000004 0.77604140625
2 0.0909390625 0.210565625 0.0965609375 0.20957343750000001 0.10615078124999999 0.2021328125 0.10846562500000001 0.1974203125 0.10615078124999999 0.1939484375 0.10648125 0.18948437499999998 0.11045 0.18650781249999998 0.1130953125 0.18154765625 0.11045 0.17162734375 0.112103125 0.1661703125 0.11177265624999999 0.15674609374999998 0.1130953125 0.15401796875 0.10813515625 0.1470734375 0.1038359375 0.1478171875 0.09953671875 0.15079375 0.093915625 0.1607140625 0.08895468749999999 0.16567421875 0.08663984375 0.17088281249999998 0.07407421875 0.1875 0.07374375 0.18948437499999998 0.07870390625 0.20486093749999998 0.08465625 0.20882968750000003 0.0909390625 0.210565625
2 0 0.21230156249999999 0.001984375 0.21254921875 0.0036374999999999997 0.216765625 0.0099203125 0.22544609375000002 0.017526562500000002 0.22842265624999997 0.02612421875 0.226190625 0.04265859375 0.22867031249999997 0.04464296875 0.22842265624999997 0.045965624999999996 0.22668671875 0.06448437500000001 0.222221875 0.06746015625 0.22048593749999998 0.06779062500000001 0.21602187499999997 0.06448437500000001 0.2115578125 0.05291015624999999 0.20585312500000003 0.04662734375 0.20535703125000002 0.04100546875 0.1974203125 0.02513203125 0.2021328125 0.014549999999999999 0.1959328125 0.0033070312499999996 0.19345234375 0 0.19370078125 0 0.21230156249999999
2 0.0909390625 0.24826406250000002 0.09920625 0.25024765625 0.11144218749999998 0.25 0.11441796875000002 0.24876015625 0.117725 0.24503984375 0.123346875 0.2415671875 0.125 0.237846875 0.125 0.23189453124999998 0.11904765625 0.21899765625 0.10978828125 0.21726171875000003 0.10350546875 0.21800625 0.09623046874999999 0.22296640625 0.093584375 0.22668671875 0.09259296875 0.23263906250000002 0.08763203124999999 0.24007968750000003 0.08763203124999999 0.24379921875 0.0909390625 0.24826406250000002
2 0 0.52504921875 0.005621875 0.52802578125 0.0211640625 0.5240578124999999 0.02943125 0.5203375 0.031746093749999996 0.5176093749999999 0.03670625 0.51636875 0.049603125 0.50694453125 0.05357109375 0.5057046875 0.056878125 0.5019843749999999 0.1405421875 0.44940468750000007 0.14219609375 0.44295625000000005 0.1359125 0.4290671875 0.130621875 0.42460312499999997 0.12533046875 0.42261875 0.09523828125 0.41840312500000004 0.09160078125 0.41666640624999995 0.0760578125 0.4171625 0.0588625 0.42286718749999996 0.05357109375 0.4275796875 0.05092578125 0.43501953125000004 0.0595234375 0.4375 0.058532031250000005 0.44022812499999997 0.05092578125 0.44370078125 0.037036718749999996 0.44618046875 0.0264546875 0.45362109375 0.02215625 0.4588296875 0.02149453125 0.46924609375 0.015542187499999999 0.47495078125 0.007605468749999999 0.47842265624999997 0.0033070312499999996 0.4861109375 0.0029765625 0.5029765625 0.001984375 0.5057046875 0 0.50595234375 0 0.52504921875
2 0.24834687500000002 0.48586328125 0.251653125 0.48983125000000005 0.26785703125000004 0.4890875 0.27182578125 0.48784687499999996 0.27943125 0.48933515625 0.318121875 0.47172656249999995 0.3224203125 0.46775781250000004 0.32572734375 0.4670140625 0.3389546875 0.4588296875 0.34689140625000003 0.45064453125000004 0.3521828125 0.43601171875 0.3518515625 0.42782734375000003 0.34953671875 0.42485156249999995 0.34126953125 0.42435546874999996 0.33399453125 0.419890625 0.31746015625 0.42088281250000004 0.314153125 0.421875 0.29100546875 0.4303078125 0.27910078125000004 0.43675625 0.273809375 0.44270859375000005 0.26884921875 0.451140625 0.26421953125000003 0.45064453125000004 0.2635578125 0.44890859375 0.2599203125 0.44642890625 0.25595234375000003 0.4466765625 0.25231484375 0.45014843750000005 0.24371718750000002 0.45436484374999997 0.24041015625 0.46279765624999997 0.23941796875 0.4704859375 0.24206328125 0.4796625 0.24371718750000002 0.48313515625000003 0.24834687500000002 0.48586328125
2 0.15806875 0.5411703125 0.15410078124999999 0.5426585937499999 0.15046328125 0.5498515625 0.1445109375 0.55580390625 0.14186484375 0.5607640625 0.137896875 0.5625 0.13458984375 0.5615078125 0.13161406250000002 0.56225234375 0.12863750000000002 0.5642359375 0.13425937500000001 0.56845234375 0.13822734375 0.5667164062500001 0.1405421875 0.5672125 0.14351875 0.57291640625 0.15013203125000002 0.57663671875 0.15310859375000002 0.575396875 0.16236796874999998 0.575396875 0.1772484375 0.5716765625 0.18353203125 0.5682046875 0.189153125 0.5672125 0.20138906250000002 0.5625 0.215278125 0.55381953125 0.22089921875 0.55307578125 0.22453671874999998 0.5498515625 0.2268515625 0.5448906250000001 0.2271828125 0.53819453125 0.22519843750000001 0.53058828125 0.2324734375 0.52256953125 0.23908749999999998 0.51240078125 0.23842578125 0.5114085937499999 0.23578046874999997 0.5114085937499999 0.22850546875000002 0.5133929687500001 0.22420625 0.51016875 0.21395468750000002 0.50694453125 0.2010578125 0.50620078125 0.18783046875 0.50942421875 0.1693125 0.52058515625 0.16203671875 0.5290179687500001 0.16137578125000002 0.53174609375 0.1570765625 0.5369546875 0.15806875 0.5411703125
2 0.037036718749999996 0.60615078125 0.04728828125 0.6021828124999999 0.0522484375 0.59871015625 0.06183828125 0.5979664062500001 0.06448437500000001 0.5994546875 0.068121875 0.597221875 0.07208984375000001 0.597221875 0.07936484375 0.59300625 0.0836640625 0.58680546875 0.08763203124999999 0.58506953125 0.09160078125 0.57936484375 0.08399453125 0.57043671875 0.0760578125 0.5647320312499999 0.07142890625000001 0.57217265625 0.05919296875 0.5820929687499999 0.04795 0.5845734375 0.04001328125 0.58878984375 0.0284390625 0.5927578125 0.01984140625 0.5994546875 0.01984140625 0.60342265625 0.02876953125 0.60689453125 0.037036718749999996 0.60615078125
2 0.273809375 0.6912203124999999 0.2695109375 0.69717265625 0.2619046875 0.7130453125 0.2566140625 0.7279265625 0.25330703125 0.7323906250000001 0.255621875 0.73363125 0.26620390625 0.7333828125 0.27579375 0.7286703125 0.285053125 0.71850234375 0.29795 0.7073414062500001 0.30026484375 0.7001484375 0.3042328125 0.69295625 0.31316171875 0.68154765625 0.31679921875 0.67311484375 0.3207671875 0.6698906250000001 0.325396875 0.66319453125 0.34325390625 0.65029765625 0.358465625 0.63169609375 0.35978828125 0.62574375 0.35416640625 0.61879921875 0.35317421875 0.61805546875 0.34126953125 0.61904765625 0.339946875 0.62177578125 0.33432578125 0.62475234375 0.33068749999999997 0.62524765625 0.32671953125000003 0.6279765625 0.31051562499999996 0.63268828125 0.30621718750000004 0.6364085937499999 0.29133593750000003 0.64112109375 0.2896828125 0.6423609375 0.28802890625 0.64831328125 0.27579375 0.6679070312500001 0.2695109375 0.6736109375 0.27347890625 0.67956328125 0.28240703125 0.68129921875 0.2820765625 0.6852679687500001 0.273809375 0.6912203124999999
2 0.40046328124999997 0.6463296875 0.40972187499999996 0.6540179687500001 0.41567421875 0.66294609375 0.4236109375 0.663690625 0.4312171875 0.6671625 0.44279062500000005 0.67038671875 0.44675937499999996 0.66865078125 0.4513890625 0.6681546875000001 0.45568749999999997 0.66592265625 0.464946875 0.6532734375 0.46263203124999996 0.637896875 0.4603171875 0.63194453125 0.4603171875 0.606646875 0.4586640625 0.6046625 0.45039687500000003 0.60416640625 0.44179921875000006 0.60689453125 0.43882265625 0.60689453125 0.43518515625000004 0.6054070312500001 0.42460312499999997 0.60689453125 0.41898125 0.61061484375 0.41567421875 0.61607109375 0.40972187499999996 0.6192953125 0.40410078125000004 0.6207835937499999 0.398809375 0.62351171875 0.39715625 0.62549609375 0.39682578125 0.63368046875 0.40079374999999995 0.6388890625 0.3998015625 0.64186484375 0.40046328124999997 0.6463296875
2 0.242725 0.58895546875 0.2417328125 0.61532734375 0.25231484375 0.6207835937499999 0.255290625 0.62376015625 0.25859765625 0.63814453125 0.26223515625 0.6443453124999999 0.27248671875 0.65649765625 0.27513203124999996 0.6584820312499999 0.27910078125000004 0.6592265625 0.288690625 0.6416171875 0.29100546875 0.63988125 0.30820078125 0.633184375 0.310846875 0.6307046875 0.31216953125 0.6269843749999999 0.3125 0.61879921875 0.31117734375 0.609375 0.3078703125 0.59995078125 0.30753984375 0.58854140625 0.30291015625 0.57762890625 0.28802890625 0.53100234375 0.28174609375 0.52802578125 0.27910078125000004 0.52430546875 0.273809375 0.52504921875 0.2675265625 0.52356171875 0.26521171875 0.5290179687500001 0.26686484374999997 0.534721875 0.266534375 0.5411703125 0.26488125 0.5431546875000001 0.26025156250000003 0.5448906250000001 0.24834687500000002 0.54017890625 0.24371718750000002 0.54092265625 0.23776484375 0.5451390625 0.23578046874999997 0.5498515625 0.23115078125 0.55282734375 0.22751328124999998 0.56299609375 0.22751328124999998 0.57663671875 0.23379609375000002 0.58482109375 0.23908749999999998 0.58581328125 0.242725 0.58895546875
2 0.5095898437499999 0.5682046875 0.516534375 0.5662203124999999 0.5211640625 0.565971875 0.52513203125 0.56373984375 0.53306875 0.56175625 0.54001328125 0.55307578125 0.5449734375 0.5438984375 0.54629609375 0.54092265625 0.54563515625 0.5369546875 0.5439812500000001 0.5354664062500001 0.53703671875 0.534721875 0.52513203125 0.53720234375 0.5095898437499999 0.5369546875 0.50231484375 0.539434375 0.49702343750000005 0.5384421875000001 0.48578046874999997 0.5448906250000001 0.48048906249999995 0.55357109375 0.48015859375 0.55654765625 0.48644218749999996 0.5654765625 0.50033046875 0.56845234375 0.5095898437499999 0.5682046875
2 0.44973515624999993 0.54737109375 0.4474203125 0.54613125 0.44708984375 0.5446429687500001 0.44510546875 0.54761875 0.44212968750000003 0.5486109375 0.44477500000000003 0.55009921875 0.4484125 0.559028125 0.45502656249999995 0.56572421875 0.45899453125 0.56572421875 0.46626953125000004 0.56299609375 0.47552890625 0.55208359375 0.47817421875 0.5448906250000001 0.4788359375 0.5369546875 0.47486796875000004 0.53174609375 0.46660078125000004 0.5272820312500001 0.46263203124999996 0.527778125 0.45965625 0.5369546875 0.4566796875 0.53918671875 0.4530421875 0.54563515625 0.44973515624999993 0.54737109375
2 0.42948046875 0.5818453124999999 0.43650781250000004 0.581596875 0.43783046875 0.5798609375 0.45072734375 0.57266875 0.45469609375 0.57663671875 0.45767187500000006 0.5664679687499999 0.46329374999999995 0.56572421875 0.46693125 0.56398828125 0.46924609375 0.55927578125 0.47652109375 0.5525796875 0.4788359375 0.5429070312500001 0.47486796875000004 0.53273828125 0.46660078125000004 0.527778125 0.46296328124999997 0.52876953125 0.45568749999999997 0.5329859375 0.45105781250000004 0.53745078125 0.44675937499999996 0.53918671875 0.44279062500000005 0.54563515625 0.43253984375 0.5510914062500001 0.42824062500000004 0.5560515625 0.41765859375 0.56373984375 0.41236796875000004 0.57043671875 0.413690625 0.5763890625 0.41931250000000003 0.5823414062500001 0.4236109375 0.5845734375 0.42948046875 0.5818453124999999
2 0.2986109375 0.50024765625 0.3015875 0.49925625 0.30654765624999997 0.49950390625 0.31283046875 0.5064484375 0.32142890625 0.51041640625 0.32936484374999997 0.512896875 0.34160078125000004 0.5136406250000001 0.35317421875 0.5195929687499999 0.36871718750000004 0.52058515625 0.380621875 0.52455390625 0.3885578125 0.52455390625 0.39219609375000003 0.52331328125 0.402446875 0.52356171875 0.41236796875000004 0.519096875 0.41997343750000005 0.5138890625 0.4183203125 0.508184375 0.41137578125 0.5029765625 0.39913984375 0.49627968750000007 0.380621875 0.48883906250000003 0.37433828125 0.48313515625000003 0.36904765624999997 0.48288671875 0.3650796875 0.48139843750000005 0.35251328125 0.48139843750000005 0.34623046875 0.48040703125000006 0.34325390625 0.47842265624999997 0.34160078125000004 0.47495078125 0.3389546875 0.47470234375000003 0.33399453125 0.47172656249999995 0.3260578125 0.47023828125 0.31746015625 0.4734625 0.30753984375 0.48015859375 0.3025796875 0.48065468750000007 0.29662734375 0.48586328125 0.29431250000000003 0.49627968750000007 0.29100546875 0.498015625 0.2929890625 0.49751953125000004 0.2986109375 0.50024765625
2 0.5727515624999999 0.41666640624999995 0.57142890625 0.41889843750000005 0.5720898437499999 0.421875 0.5770500000000001 0.42857109375 0.5820109375 0.43973203125 0.58763203125 0.44419609375 0.59986796875 0.4446921875 0.60317421875 0.44295625000000005 0.608465625 0.435515625 0.6068125 0.4283234375 0.61011875 0.419890625 0.6094578125 0.39583359375 0.61011875 0.3923609375 0.61441796875 0.3849203125 0.61607109375 0.37376015625000003 0.6296296875 0.36532734375000003 0.630621875 0.36557578125 0.63558203125 0.36036718749999996 0.63822734375 0.35391875 0.63558203125 0.34697421875 0.64748671875 0.3353171875 0.64682578125 0.3298609375 0.64219609375 0.328125 0.6385578125 0.32415703125 0.630621875 0.32390859375000003 0.62566171875 0.32589296874999996 0.60350546875 0.31746015625 0.59986796875 0.31845234375000003 0.59424609375 0.31770859375 0.58333359375 0.31870078125 0.5611773437500001 0.32266875 0.5582007812499999 0.32762890625 0.5525796875 0.3318453125 0.5469578125 0.3338296875 0.55125625 0.3420140625 0.54563515625 0.3494546875 0.538690625 0.35342265624999997 0.53373046875 0.362103125 0.53306875 0.3650796875 0.53703671875 0.3678078125 0.54067421875 0.36879921875 0.5727515624999999 0.41666640624999995
2 0.52513203125 0.2884421875 0.54365078125 0.2911703125 0.5486109375 0.2896828125 0.5525796875 0.28993046875 0.55654765625 0.28819453125 0.5889546875 0.28050625 0.59160078125 0.28075390625 0.59556875 0.2748015625 0.60251328125 0.26785703125000004 0.60912734375 0.26364062499999996 0.6071429687500001 0.25545625 0.5945765625 0.252728125 0.58961640625 0.24950390625000002 0.58763203125 0.246528125 0.58498671875 0.24603203125 0.5763890625 0.24950390625000002 0.5638226562499999 0.24876015625 0.53174609375 0.2557046875 0.52910078125 0.25520859375 0.52248671875 0.257440625 0.516534375 0.2571921875 0.5099203125 0.25545625 0.50595234375 0.2557046875 0.505290625 0.25694453125 0.50496015625 0.2599203125 0.50859765625 0.2693453125 0.51719609375 0.284721875 0.52513203125 0.2884421875
2 0.49933828125 0.31870078125 0.5178570312499999 0.32961328125 0.5211640625 0.330853125 0.52910078125 0.33134921875 0.53703671875 0.32936484374999997 0.54629609375 0.32316484375 0.54927265625 0.31845234375000003 0.54728828125 0.30233125 0.54563515625 0.30009921875 0.53538359375 0.29290703125 0.52943125 0.2904265625 0.52546328125 0.29017890625 0.5211640625 0.28794609375 0.51124375 0.28720234375000003 0.5062828125000001 0.28893828125 0.498346875 0.2896828125 0.49206328125 0.294146875 0.4900796875 0.2986109375 0.4900796875 0.30282734375000003 0.494378125 0.30753984375 0.49933828125 0.31870078125
2 0.37632265625 0.06795625 0.38392890625 0.07911718749999999 0.38458984375 0.0825890625 0.3885578125 0.086309375 0.3905421875 0.09251015625 0.39616406249999997 0.0982140625 0.40145468749999996 0.10813515625 0.40839921874999996 0.11160703125 0.41501328125 0.1083828125 0.42162734375 0.10168671874999999 0.42559531249999993 0.09548593749999999 0.42493359374999995 0.09275781250000001 0.43022499999999997 0.07986093749999999 0.43055546875 0.07217265625 0.43287031249999997 0.06795625 0.43419296875 0.0587796875 0.435846875 0.0553078125 0.43981484374999996 0.05257968750000001 0.44510546875 0.04613125 0.44940468750000007 0.0369546875 0.44940468750000007 0.033234375 0.44179921875000006 0.026785937500000002 0.4312171875 0.0275296875 0.42460312499999997 0.0295140625 0.40310859375 0.03199375 0.39219609375000003 0.03621015625 0.38260546875 0.04464296875 0.38095234375000003 0.0486109375 0.3816140625 0.057043750000000004 0.380621875 0.059771874999999995 0.37632265625 0.06423593749999999 0.37632265625 0.06795625
2 0.17129609375 0.12103203124999999 0.17625625 0.12599218750000002 0.18551562500000002 0.13095234375 0.19212968749999998 0.13120078125 0.2010578125 0.133184375 0.2050265625 0.13169609375 0.211309375 0.12723203125 0.2106484375 0.12549609374999998 0.20370390624999998 0.11979140625 0.18551562500000002 0.09796640625 0.18320078125 0.09151796875 0.17956328125 0.08779765625 0.17228828125 0.08754921875 0.16534374999999998 0.08978203125 0.1610453125 0.09375 0.15939140624999998 0.09697421875 0.15740703125 0.10292656250000001 0.15806875 0.109375 0.16302890625 0.11532734375 0.17129609375 0.12103203124999999
0 0 0.41914687500000003 0.001984375 0.41939453125000004 0.00859765625 0.42609140625 0.01256640625 0.42708359375000005 0.02050234375 0.42559531249999993 0.02612421875 0.42237109375 0.031415625 0.42088281250000004 0.035053125000000004 0.41666640624999995 0.037036718749999996 0.40947421874999995 0.03670625 0.40674609375 0.031746093749999996 0.39831328125 0.029100781250000003 0.39657734375000003 0.021825781250000002 0.39558515625 0.01785703125 0.39384921875 0.00958984375 0.39459296875 0.00429921875 0.3970734375 0.001984375 0.40203359375 0 0.40228203125000006 0 0.41914687500000003
