0 0.92691796875 0.62549609375 0.93154765625 0.62549609375 0.9355156250000001 0.6240078125 0.93981484375 0.625 0.9437828125 0.6240078125 0.95006640625 0.61979140625 0.95436484375 0.6116070312499999 0.95436484375 0.60342265625 0.9513890625 0.5967265625 0.9467593750000001 0.59523828125 0.9460976562500001 0.5915179687500001 0.94345234375 0.5892859374999999 0.939153125 0.5873015625 0.9345234375 0.58680546875 0.92791015625 0.590278125 0.90806875 0.5915179687500001 0.90476171875 0.59424609375 0.9034390625000001 0.59697421875 0.9034390625000001 0.60689453125 0.90674609375 0.61557578125 0.9146828125 0.6220234375 0.92691796875 0.62549609375
0 0.88624375 0.6634421875000001 0.88988125 0.66319453125 0.8988093750000001 0.658978125 0.906415625 0.6426093749999999 0.90410078125 0.63516875 0.9001320312500001 0.63020859375 0.8931875 0.628471875 0.8852515625 0.6279765625 0.8730156250000001 0.6287203124999999 0.8683859375 0.63169609375 0.8640874999999999 0.6376484375 0.8647484375 0.64657734375 0.87169296875 0.65873046875 0.8786375 0.66220234375 0.88624375 0.6634421875000001
0 0.93981484375 0.67807578125 0.95072734375 0.6810515625 0.9586640624999999 0.68055546875 0.9639546875 0.6790671875000001 0.9718914062499999 0.67237109375 0.9735453125 0.66666640625 0.9725531249999999 0.6579859375 0.9626320312500001 0.6423609375 0.94708984375 0.6388890625 0.9414679687499999 0.64087265625 0.9394843749999999 0.6426093749999999 0.92691796875 0.643353125 0.9236109375 0.64558515625 0.92129609375 0.64955390625 0.920965625 0.65873046875 0.92261875 0.6661703125 0.9282406249999999 0.67212265625 0.93981484375 0.67807578125
0 0.9821429687500001 0.65575390625 0.9900796875 0.65748984375 0.99966953125 0.65748984375 0.99966953125 0.6133429687499999 0.9930554687500001 0.61259921875 0.98677265625 0.6140875 0.9768515624999999 0.6140875 0.97056875 0.6150796875 0.9613093750000001 0.62549609375 0.9616398437499999 0.6376484375 0.96461640625 0.6423609375 0.9718914062499999 0.64930546875 0.9821429687500001 0.65575390625
0 0.59126953125 0.17981171875 0.59556875 0.180059375 0.597553125 0.17410703125 0.597221875 0.17063515625 0.59490703125 0.16220234375 0.59259296875 0.1599703125 0.586309375 0.15674609374999998 0.5823414062500001 0.15649765625 0.57837265625 0.1592265625 0.5744046875000001 0.16592265625 0.57506640625 0.17286718750000002 0.58134921875 0.17956328125 0.58663984375 0.18129921875 0.59126953125 0.17981171875
0 0.6064812500000001 0.17733125 0.6111109375 0.17708359375 0.61607109375 0.17534687499999999 0.6240078125 0.16592265625 0.6203703125 0.15848203125 0.61805546875 0.15724218750000002 0.6111109375 0.15600234375 0.6074734375 0.15674609374999998 0.6021828124999999 0.1609625 0.5988757812500001 0.16592265625 0.5988757812500001 0.17088281249999998 0.60052890625 0.17509921875 0.6064812500000001 0.17733125
0 0.59556875 0.20585312500000003 0.59920625 0.20486093749999998 0.6038359375 0.20138906250000002 0.6064812500000001 0.195684375 0.6064812500000001 0.1922125 0.60350546875 0.18725234375 0.597553125 0.18650781249999998 0.59259296875 0.18700390625000002 0.58597890625 0.1919640625 0.5853171875000001 0.19816484375 0.5886242187499999 0.20436484375 0.59126953125 0.20560546875000002 0.59556875 0.20585312500000003
0 0.6451718750000001 0.3053078125 0.64847890625 0.29910703125000004 0.64847890625 0.29464296874999996 0.6451718750000001 0.29092265624999997 0.63822734375 0.288690625 0.63260546875 0.29166640625 0.62996015625 0.29563515625000003 0.6289679687499999 0.29885937500000004 0.6372351562499999 0.30580390625 0.64219609375 0.30704375 0.6451718750000001 0.3053078125
0 0.5175265625 0.3482140625 0.5201718750000001 0.34523828125 0.52050234375 0.33754921875 0.51686484375 0.3325890625 0.512896875 0.3311015625 0.505290625 0.33060546875 0.5 0.33432578125 0.49900781250000004 0.3380453125 0.5026453125 0.3454859375 0.5095898437499999 0.34895859375 0.5175265625 0.3482140625
0 0.53703671875 0.26016875 0.54199765625 0.2557046875 0.5426585937499999 0.25322421875 0.54001328125 0.241815625 0.52876953125 0.24131953125 0.5248015625 0.242559375 0.5228171875000001 0.24429531249999997 0.5201718750000001 0.25074375 0.5198414062500001 0.2517359375 0.52943125 0.26016875 0.53240703125 0.2611609375 0.53703671875 0.26016875
0 0.42295 0.25074375 0.42526484375000007 0.248015625 0.42592578124999997 0.24355156249999999 0.42261875 0.23958359375 0.4163359375 0.237846875 0.41203671875000003 0.237846875 0.40906093749999994 0.23933515625 0.40839921874999996 0.24429531249999997 0.41170625000000005 0.25024765625 0.41501328125 0.2517359375 0.42295 0.25074375
0 0.5889546875 0.13169609375 0.59259296875 0.13020859375 0.5965609374999999 0.1267359375 0.597221875 0.123015625 0.59556875 0.11780781250000001 0.59193125 0.11458359375 0.5873015625 0.1123515625 0.58300234375 0.11185546875 0.5800265625 0.11284687499999999 0.5763890625 0.1192953125 0.575396875 0.12698437499999998 0.5780421875 0.1294640625 0.5826718750000001 0.13120078125 0.5889546875 0.13169609375
2 0.70634921875 0.8573906250000001 0.7106484375 0.85813515625 0.7136242187499999 0.8613593749999999 0.72751328125 0.862846875 0.73313515625 0.862103125 0.7364421875 0.8630953124999999 0.7397484375000001 0.86185546875 0.744709375 0.85813515625 0.75859765625 0.85342265625 0.7609125 0.8499507812499999 0.76058203125 0.8447421875 0.7595898437499999 0.84300625 0.7562828125000001 0.8420140625 0.74966953125 0.8427578125 0.7473546875 0.84126953125 0.74404765625 0.8407734375 0.7364421875 0.8333335937499999 0.72486796875 0.82886875 0.71924609375 0.828125 0.71263203125 0.8251484375 0.7076718750000001 0.825396875 0.7030421875 0.82663671875 0.6917992187500001 0.8350695312499999 0.6775796875 0.8541664062500001 0.67691796875 0.8583828125 0.68154765625 0.8613593749999999 0.689153125 0.8583828125 0.70634921875 0.8573906250000001
2 0.84623046875 0.7938984375 0.8492062499999999 0.8025796875 0.8498679687499999 0.8080359375 0.84887578125 0.8147320312499999 0.85152109375 0.8216765625000001 0.85251328125 0.82862109375 0.85515859375 0.82961328125 0.8647484375 0.82862109375 0.8730156250000001 0.8258929687500001 0.876653125 0.8219242187500001 0.8819445312499999 0.81845234375 0.8869046875000001 0.80654765625 0.8829367187500001 0.8025796875 0.875 0.77529765625 0.8680554687500001 0.765625 0.8611109375 0.7616570312500001 0.8574734375 0.76066484375 0.8538359375000001 0.7611609374999999 0.84788359375 0.7638890625 0.84424609375 0.77157734375 0.843584375 0.77529765625 0.84623046875 0.7790179687500001 0.84424609375 0.79141875 0.84623046875 0.7938984375
