0 0.1425265625 0.9933039062500001 0.14715625000000002 0.9908234374999999 0.148809375 0.981646875 0.14649453125 0.9779265625000001 0.1425265625 0.9761906249999999 0.1388890625 0.9769343750000001 0.1332671875 0.98115078125 0.132275 0.98313515625 0.13161406250000002 0.987103125 0.13293671875 0.9900796875 0.137896875 0.9928078125 0.1425265625 0.9933039062500001
0 0.16898125 0.9806546875000001 0.17228828125 0.9732140625 0.17129609375 0.9707343749999999 0.16567421875 0.9665179687500001 0.1610453125 0.96552578125 0.15674609374999998 0.96751015625 0.15376953124999998 0.9744546875 0.15443125 0.98363125 0.15674609374999998 0.98462265625 0.16336015625 0.98487109375 0.16898125 0.9806546875000001
0 0.16964296875 0.9866070312499999 0.16567421875 0.98412734375 0.15839921875000001 0.9853671875 0.15575390625000002 0.9888390625 0.1554234375 0.99975234375 0.17328046875 0.99975234375 0.17228828125 0.99032734375 0.16964296875 0.9866070312499999
0 0.18551562500000002 0.98462265625 0.1775796875 0.98387890625 0.17261875 0.9888390625 0.17295 0.99975234375 0.18783046875 0.99975234375 0.18849218750000002 0.9890874999999999 0.18551562500000002 0.98462265625
0 0.6696429687500001 0.95262890625 0.67857109375 0.9553570312499999 0.6875 0.9561015625 0.69246015625 0.95461328125 0.69808203125 0.94990078125 0.70171953125 0.94345234375 0.70171953125 0.934028125 0.6997351562499999 0.9293156249999999 0.69246015625 0.9228671875 0.68154765625 0.9198906250000001 0.6696429687500001 0.92113125 0.66336015625 0.92509921875 0.659721875 0.9322914062500001 0.6590609374999999 0.9392359375 0.6607140625000001 0.9432046875 0.6643515625 0.9486609375 0.6696429687500001 0.95262890625
0 0.66534375 0.9139382812499999 0.67063515625 0.9141867187500001 0.67625625 0.91220234375 0.681878125 0.9079859375 0.68518515625 0.9032734375 0.68518515625 0.8993054687500001 0.67625625 0.8970734374999999 0.67328046875 0.8928570312499999 0.67427265625 0.8888890625 0.6736109375 0.8831843750000001 0.67162734375 0.8851687500000001 0.66534375 0.8861609375 0.656084375 0.88988125 0.6534390625000001 0.8928570312499999 0.6517859374999999 0.8973210937499999 0.65211640625 0.9040179687500001 0.65443125 0.9082343749999999 0.6590609374999999 0.9119546875 0.66534375 0.9139382812499999
0 0.67162734375 0.9776789062500001 0.6775796875 0.97842265625 0.6845234375 0.9704859375 0.68419296875 0.96949375 0.681878125 0.9667656250000001 0.67427265625 0.9647820312500001 0.67030390625 0.9553570312499999 0.6679890625 0.95337265625 0.6643515625 0.95188515625 0.65806875 0.9521328125 0.65410078125 0.9551093749999999 0.65211640625 0.9595734374999999 0.65211640625 0.9697421875 0.6554234375 0.9751984374999999 0.6696429687500001 0.9799109375 0.67162734375 0.9776789062500001
0 0.5650296875 0.91790078125 0.5511609375 0.91790078125 0.5511609375 0.9299265625 0.5650296875 0.9299265625 0.5650296875 0.91790078125
0 0.5502648437500001 0.9156742187500001 0.5515875 0.9119546875 0.5486109375 0.90376953125 0.54563515625 0.90501015625 0.54034375 0.9052578125 0.53670625 0.9102179687499999 0.53670625 0.9131945312499999 0.5396828124999999 0.9174109375 0.54530390625 0.919146875 0.5502648437500001 0.9156742187500001
0 0.5486109375 0.9025296875000001 0.5525796875 0.9010414062500001 0.555225 0.8968257812499999 0.55357109375 0.890625 0.54166640625 0.88467265625 0.54067421875 0.88467265625 0.53802890625 0.88913671875 0.53836015625 0.8950890625 0.5426585937499999 0.9012898437500001 0.5446429687500001 0.9025296875000001 0.5486109375 0.9025296875000001
0 0.568121875 0.89136875 0.57109765625 0.8888890625 0.57308203125 0.8851687500000001 0.5734125 0.8804562499999999 0.57109765625 0.8767359375 0.568121875 0.87425625 0.56580703125 0.8740078125 0.5562171874999999 0.87425625 0.55357109375 0.87574375 0.553240625 0.8826882812499999 0.5562171874999999 0.89087265625 0.5588625 0.89211328125 0.568121875 0.89136875
0 0.31117734375 0.8985617187500001 0.3151453125 0.8926093749999999 0.31117734375 0.8834328125 0.30654765624999997 0.8826882812499999 0.30092578125 0.8861609375 0.2989421875 0.89012890625 0.30125625 0.8963296875 0.30654765624999997 0.8995539062500001 0.31117734375 0.8985617187500001
0 0.32374375 0.8844242187500001 0.3260578125 0.8826882812499999 0.329034375 0.8767359375 0.32705 0.8727679687500001 0.318121875 0.8655757812499999 0.31051562499999996 0.8643351562499999 0.3058859375 0.8675593750000001 0.30555546875 0.87425625 0.3098546875 0.8821921875 0.317790625 0.88467265625 0.32374375 0.8844242187500001
0 0.08796328125 0.690971875 0.093584375 0.68700390625 0.09523828125 0.684028125 0.0965609375 0.67881953125 0.09589921875 0.6738593749999999 0.09193124999999999 0.674603125 0.08763203124999999 0.67311484375 0.08101875 0.6736109375 0.07506640625 0.6760914062500001 0.07308203125 0.67956328125 0.0734125 0.68427578125 0.07572734375 0.68873984375 0.08300234375 0.6912203124999999 0.08796328125 0.690971875
0 0.06382265625 0.67435546875 0.06911406249999999 0.6698906250000001 0.07043671875 0.6661703125 0.07043671875 0.659721875 0.0687828125 0.6572421875 0.06481484374999999 0.65550625 0.06316171875 0.65575390625 0.06018515625 0.65873046875 0.0486109375 0.65947421875 0.04662734375 0.6626984375 0.04728828125 0.67038671875 0.0522484375 0.6748515625 0.05820078125 0.675346875 0.06382265625 0.67435546875
0 0.09953671875 0.6540179687500001 0.09920625 0.64955390625 0.09556875000000001 0.64608125 0.08101875 0.64682578125 0.07738125 0.6505453125 0.07738125 0.6584820312499999 0.07969609375 0.6604664062500001 0.09193124999999999 0.659721875 0.09953671875 0.6540179687500001
0 0.07043671875 0.6386406250000001 0.0760578125 0.6349203125 0.07738125 0.6297125 0.0760578125 0.62376015625 0.0654765625 0.62524765625 0.05654765625 0.62376015625 0.055225 0.6259921875 0.05489453125 0.63095234375 0.05654765625 0.6349203125 0.064153125 0.6396328125 0.07043671875 0.6386406250000001
0 0.0760578125 0.61433515625 0.08134921875 0.6071429687500001 0.08234140625 0.60391875 0.0806875 0.596478125 0.07671953125 0.59523828125 0.06525546875 0.59623046875 0.060515624999999997 0.5954859375 0.05820078125 0.5974703124999999 0.058532031250000005 0.60689453125 0.0615078125 0.6116070312499999 0.06712968750000001 0.6140875 0.0760578125 0.61433515625
0 0.09490703125 0.63169609375 0.09920625 0.6307046875 0.1038359375 0.6272320312499999 0.1068125 0.6227679687500001 0.1074734375 0.6192953125 0.10350546875 0.6135914062500001 0.09193124999999999 0.6133429687499999 0.08796328125 0.6133429687499999 0.08399453125 0.61904765625 0.0836640625 0.6232640625 0.0853171875 0.627728125 0.09126953125000001 0.6314484375 0.09490703125 0.63169609375
0 0.03306875 0.61706328125 0.0340609375 0.61532734375 0.03306875 0.6116070312499999 0.0228171875 0.6113593749999999 0.01785703125 0.6076390625 0.01124375 0.60863125 0.00793671875 0.6138390625000001 0.00859765625 0.61979140625 0.013557812499999999 0.6240078125 0.0304234375 0.61830390625 0.03306875 0.61706328125
0 0.0615078125 0.5553078124999999 0.06580703125000001 0.5486109375 0.060515624999999997 0.54141875 0.05654765625 0.54092265625 0.045635156249999996 0.543403125 0.040674218750000005 0.54662734375 0.03736796875 0.5515875 0.03802890625 0.5540671875000001 0.042328125 0.55729140625 0.05257968750000001 0.5582835937499999 0.0615078125 0.5553078124999999
0 0.12268515625000001 0.55456328125 0.12533046875 0.5525796875 0.12698437499999998 0.54935546875 0.12698437499999998 0.544146875 0.1240078125 0.53918671875 0.10912734375 0.5404265625 0.10548906250000001 0.5438984375 0.10515859375 0.549603125 0.1094578125 0.55456328125 0.11607109374999999 0.55629921875 0.12268515625000001 0.55456328125
0 0.09556875000000001 0.54092265625 0.10350546875 0.5396828124999999 0.1111109375 0.5342265625 0.11243359374999999 0.53001015625 0.11177265624999999 0.5272820312500001 0.09953671875 0.5198414062500001 0.09523828125 0.5195929687499999 0.08796328125 0.5220734375 0.0816796875 0.52604140625 0.08134921875 0.5295140625 0.08432578125 0.533978125 0.08895468749999999 0.53819453125 0.09556875000000001 0.54092265625
0 0.1349203125 0.50049609375 0.14120390625 0.49727187500000003 0.14384921875 0.4935515625 0.14384921875 0.48586328125 0.14219609375 0.48139843750000005 0.12698437499999998 0.48065468750000007 0.1223546875 0.48660703125 0.1213625 0.4900796875 0.1220234375 0.49454374999999995 0.12566171875 0.49876015625000003 0.1349203125 0.50049609375
2 0.28306875 0.54737109375 0.28637578124999996 0.54836328125 0.29464296874999996 0.54637890625 0.30224843749999997 0.53645859375 0.30456328125 0.5357140625000001 0.31018515625 0.53001015625 0.31481484375 0.5272820312500001 0.35416640625 0.5255453125 0.3650796875 0.52256953125 0.36739453125 0.518353125 0.3650796875 0.51314453125 0.36243359375 0.5111609374999999 0.3501984375 0.50520859375 0.3392859375 0.5022320312499999 0.30654765624999997 0.50123984375 0.29100546875 0.50545625 0.27810859374999997 0.507440625 0.27546328125 0.5084328124999999 0.27050234375 0.512896875 0.27050234375 0.5270335937499999 0.2728171875 0.53645859375 0.27546328125 0.5404265625 0.28306875 0.54737109375
2 0.15476171875 0.6626984375 0.15773828125 0.66170625 0.1643515625 0.65625 0.17063515625 0.65501015625 0.18055546875 0.6463296875 0.18253984375 0.64087265625 0.1848546875 0.6383929687500001 0.1901453125 0.6383929687500001 0.18783046875 0.6366570312500001 0.18716953125 0.63392890625 0.182209375 0.63194453125 0.1736109375 0.63293671875 0.15443125 0.6361609374999999 0.13723515625 0.64136875 0.13161406250000002 0.6450890625000001 0.12962968749999998 0.64831328125 0.130290625 0.6540179687500001 0.13657421875 0.6582343749999999 0.1461640625 0.66220234375 0.15476171875 0.6626984375
2 0.20833359375 0.44990078125000005 0.21693125000000002 0.45535703125 0.22089921875 0.45610156249999995 0.22519843750000001 0.45461328125 0.23214296874999998 0.45932578125 0.2417328125 0.45684531249999993 0.24404765624999997 0.45709296874999994 0.24768515624999998 0.45535703125 0.25231484375 0.451140625 0.25595234375000003 0.43898828125 0.24966953125 0.4146828125 0.24007968750000003 0.40104140624999995 0.22056874999999998 0.38740078125 0.21263203125 0.38839296874999996 0.20932578125 0.3963296875 0.20205 0.40029765624999997 0.20006640625 0.4045140625 0.19510546875 0.40699375 0.19345234375 0.42038671875 0.1875 0.4303078125 0.18816171875 0.43824375 0.19113750000000002 0.4432046875 0.2010578125 0.45064453125000004 0.20833359375 0.44990078125000005
2 0.27083359375 0.39112109375 0.270171875 0.39583359375 0.26785703125000004 0.40029765624999997 0.2691796875 0.40848203125 0.27910078125000004 0.429315625 0.28339921874999996 0.43204374999999995 0.2876984375 0.43253984375 0.29166640625 0.4310515625 0.30224843749999997 0.4357640625 0.31051562499999996 0.43675625 0.32572734375 0.43626015625000003 0.33432578125 0.42633906250000003 0.33829375 0.423859375 0.34259296875 0.4171625 0.34920625 0.41493046875 0.35317421875 0.4119546875 0.35681250000000003 0.40476171875 0.35648124999999997 0.37301562499999996 0.3594578125 0.3650796875 0.35879609375 0.36086328125 0.34920625 0.35540703125 0.3445765625 0.35515859375000003 0.34126953125 0.3536703125 0.33597890625 0.3474703125 0.3316796875 0.34523828125 0.32572734375 0.34474218749999996 0.31382265625 0.34771796875 0.30654765624999997 0.34796640624999997 0.29993359375 0.3549109375 0.29067421875 0.35838281250000004 0.2860453125 0.36160703125000004 0.27215625 0.37698437500000004 0.270171875 0.37822421875 0.26719609375000003 0.37748046875 0.26521171875 0.38045625 0.2635578125 0.38864062499999996 0.26620390625 0.38665703125 0.26785703125000004 0.3869046875 0.27083359375 0.39112109375
