0 0.37533046875 0.52802578125 0.38095234375000003 0.5302578125 0.38458984375 0.5329859375 0.39847890625 0.5369546875 0.40773828125 0.5354664062500001 0.41236796875000004 0.5332343749999999 0.41534375 0.52628984375 0.41501328125 0.5213296875 0.41302890625 0.5176093749999999 0.406084375 0.5119046875000001 0.3981484375 0.5084328124999999 0.38624375 0.50049609375 0.38095234375000003 0.49851171875 0.37268515625 0.49776796875 0.3703703125 0.503471875 0.362103125 0.50793671875 0.36177265625 0.5133929687500001 0.3640875 0.5195929687499999 0.369378125 0.52232109375 0.37533046875 0.52802578125
0 0.39682578125 0.58432578125 0.40079374999999995 0.58581328125 0.41137578125 0.5838296875 0.41567421875 0.58854140625 0.41865078125000005 0.5890375 0.43055546875 0.5880453125 0.4348546875 0.585565625 0.43419296875 0.5761406250000001 0.42857109375 0.56324375 0.42261875 0.5615078125 0.42030390625 0.55654765625 0.40806875 0.55009921875 0.40410078125000004 0.5491070312499999 0.40178593749999997 0.549603125 0.3941796875 0.55307578125 0.380621875 0.55704375 0.3786375 0.5587796875000001 0.3779765625 0.5615078125 0.380621875 0.5682046875 0.39087265625 0.58060546875 0.39682578125 0.58432578125
0 0.37929921875 0.67311484375 0.38359765625 0.6783234375 0.3888890625 0.6827875 0.39616406249999997 0.68601171875 0.40443125 0.68725234375 0.41203671875000003 0.6857640625 0.4143515625 0.68154765625 0.41501328125 0.6763390625000001 0.413690625 0.6619546875 0.4070765625 0.65004921875 0.40046328124999997 0.64112109375 0.39285703125000004 0.6376484375 0.38425937499999996 0.637153125 0.37929921875 0.6383929687500001 0.37301562499999996 0.6453375 0.37268515625 0.6532734375 0.37466953125 0.6572421875 0.37599218749999996 0.66567421875 0.37929921875 0.67311484375
0 0.40376953125000004 0.7145335937499999 0.40939140625 0.71850234375 0.41600546875 0.72023828125 0.420965625 0.71998984375 0.42427265625 0.7165179687500001 0.42328046874999997 0.7095734375 0.42030390625 0.6959328124999999 0.41534375 0.6884921875 0.41203671875000003 0.68626015625 0.4029984375 0.6875 0.39649453125 0.68700390625 0.39285703125000004 0.6855156250000001 0.38525156250000003 0.68626015625 0.38359765625 0.68799609375 0.38425937499999996 0.69270859375 0.38723515625 0.69543671875 0.3905421875 0.7021328125 0.40376953125000004 0.7145335937499999
0 0.43518515625000004 0.7170140625 0.44279062500000005 0.71800625 0.44708984375 0.71726171875 0.45436484374999997 0.7103171875000001 0.45767187500000006 0.70238125 0.45701093750000005 0.6974203125 0.4477515625 0.6775796875 0.443121875 0.6741070312499999 0.4401453125 0.6760914062500001 0.43253984375 0.67733125 0.420965625 0.68129921875 0.4219578125 0.7048609375 0.4236109375 0.70932578125 0.4275796875 0.7142859374999999 0.43518515625000004 0.7170140625
0 0.43154765624999997 0.6592265625 0.439153125 0.6619546875 0.44609765625 0.6604664062500001 0.45105781250000004 0.65748984375 0.45370390625 0.6542656250000001 0.45502656249999995 0.64657734375 0.45469609375 0.6359125 0.4513890625 0.62648828125 0.44708984375 0.6240078125 0.435515625 0.6212796875000001 0.42890234375 0.625 0.4236109375 0.6259921875 0.420965625 0.6292164062500001 0.42162734375 0.6450890625000001 0.42295 0.65029765625 0.42559531249999993 0.6545140625 0.43154765624999997 0.6592265625
0 0.46263203124999996 0.628471875 0.47056875 0.63095234375 0.47486796875000004 0.63120078125 0.483465625 0.63020859375 0.4900796875 0.62623984375 0.494378125 0.6158234375 0.49404765624999997 0.6113593749999999 0.4917328125 0.6083828125 0.49074062500000004 0.60267890625 0.48644218749999996 0.597221875 0.47453671875000003 0.5890375 0.47056875 0.58878984375 0.46825390625 0.590278125 0.46759296875 0.5959820312499999 0.46461640624999995 0.59970234375 0.4586640625 0.59995078125 0.454034375 0.60267890625 0.45171953125000003 0.601934375 0.44708984375 0.60267890625 0.44708984375 0.6111109375 0.45171953125000003 0.61879921875 0.45469609375 0.6232640625 0.46263203124999996 0.628471875
0 0.71197109375 0.60813515625 0.72817421875 0.6009421875000001 0.73412734375 0.59623046875 0.748346875 0.5771328125 0.74966953125 0.57316484375 0.748346875 0.5664679687499999 0.7433859375 0.56274765625 0.7321429687500001 0.5585320312500001 0.72420625 0.55927578125 0.7103171875000001 0.5667164062500001 0.6984125 0.57564453125 0.69642890625 0.58358125 0.6984125 0.5954859375 0.69345234375 0.60416640625 0.7020500000000001 0.60863125 0.71197109375 0.60813515625
0 0.6074734375 0.606646875 0.61441796875 0.60391875 0.6210320312500001 0.5994546875 0.6259921875 0.5915179687500001 0.62533046875 0.56770859375 0.6236773437500001 0.56572421875 0.619378125 0.56324375 0.60978828125 0.56299609375 0.6074734375 0.5605156250000001 0.60317421875 0.5605156250000001 0.59953671875 0.56175625 0.593915625 0.56845234375 0.58829375 0.5865578124999999 0.58829375 0.5947421875 0.59226171875 0.601190625 0.60317421875 0.606646875 0.6074734375 0.606646875
0 0.71263203125 0.5647320312499999 0.722221875 0.559771875 0.73511875 0.5451390625 0.7380953124999999 0.53745078125 0.73743359375 0.53248984375 0.7321429687500001 0.5292656250000001 0.72850546875 0.5290179687500001 0.718584375 0.53149765625 0.7030421875 0.5438984375 0.6984125 0.5498515625 0.6984125 0.5567953125 0.70238125 0.56324375 0.70833359375 0.565971875 0.71263203125 0.5647320312499999
0 0.52579375 0.69618046875 0.53373046875 0.69370078125 0.5423281249999999 0.68675625 0.5469578125 0.6783234375 0.54761875 0.67311484375 0.5449734375 0.668403125 0.5376984375 0.6671625 0.53240703125 0.66220234375 0.5284390625000001 0.66121015625 0.5181875 0.66493046875 0.51421953125 0.6674109374999999 0.5119046875000001 0.66939453125 0.5082671875 0.6760914062500001 0.50793671875 0.68229140625 0.5102515624999999 0.68998046875 0.51488125 0.69370078125 0.52579375 0.69618046875
0 0.44940468750000007 0.6619546875 0.45171953125000003 0.6661703125 0.45502656249999995 0.66865078125 0.461309375 0.67063515625 0.46693125 0.67038671875 0.47023828125 0.669146875 0.47850546875 0.6619546875 0.48115078125000005 0.65748984375 0.48181250000000003 0.65029765625 0.47552890625 0.6386406250000001 0.47056875 0.63368046875 0.46626953125000004 0.6334328124999999 0.46296328124999997 0.6364085937499999 0.45767187500000006 0.6388890625 0.45535703125 0.6423609375 0.45436484374999997 0.6515375 0.45105781250000004 0.65649765625 0.44808203124999996 0.6582343749999999 0.44940468750000007 0.6619546875
0 0.5760578125 0.679315625 0.5800265625 0.67212265625 0.58432578125 0.67137890625 0.58763203125 0.67311484375 0.5906085937500001 0.6579859375 0.58465625 0.6490578124999999 0.5800265625 0.6448414062500001 0.5634921875 0.65748984375 0.557209375 0.66592265625 0.556878125 0.6738593749999999 0.5605156250000001 0.6765875 0.56481484375 0.67782734375 0.5760578125 0.679315625
0 0.14550234374999998 0.26165703125 0.1498015625 0.2609125 0.1554234375 0.2544640625 0.15873046875000002 0.24479140625 0.1590609375 0.23214296874999998 0.15773828125 0.22941484375 0.1534390625 0.22743046875 0.15013203125000002 0.226934375 0.14715625000000002 0.22792656249999999 0.13822734375 0.22495078125 0.13458984375 0.226934375 0.12996015625 0.23263906250000002 0.12731484375 0.23908749999999998 0.12599218750000002 0.24429531249999997 0.130290625 0.25595234375000003 0.14186484375 0.2609125 0.14550234374999998 0.26165703125
0 0.18154765625 0.2849703125 0.18948437499999998 0.2782734375 0.192790625 0.27256953125 0.19874375 0.258184375 0.1977515625 0.2529765625 0.19212968749999998 0.24975234375 0.18154765625 0.25099218749999996 0.17691796875000002 0.2544640625 0.17129609375 0.26413671875 0.16832031249999999 0.26711328125 0.1679890625 0.2713296875 0.17162734375 0.28125 0.1736109375 0.28323437500000004 0.18154765625 0.2849703125
0 0.5525796875 0.184771875 0.57109765625 0.16989062500000002 0.5724203125 0.16567421875 0.569775 0.15649765625 0.5644843749999999 0.1515375 0.55654765625 0.15277812500000001 0.54828046875 0.15277812500000001 0.5449734375 0.15128984375 0.54067421875 0.16021796875 0.5433203125 0.1736109375 0.54728828125 0.18402812500000001 0.5486109375 0.18501953124999998 0.5525796875 0.184771875
0 0.5724203125 0.34325390625 0.5740742187500001 0.3494546875 0.57738125 0.35317421875 0.58333359375 0.3549109375 0.58763203125 0.35391875 0.59589921875 0.34970234375000003 0.60449765625 0.340278125 0.6104499999999999 0.33854140625 0.6114421875 0.33705390625 0.6094578125 0.32589296874999996 0.6021828124999999 0.31770859375 0.59160078125 0.3125 0.58399453125 0.3125 0.5823414062500001 0.3162203125 0.5720898437499999 0.32564453125 0.5734125 0.3318453125 0.5724203125 0.34325390625
0 0.15410078124999999 0.06448437500000001 0.16137578125000002 0.059771874999999995 0.16302890625 0.05654765625 0.16302890625 0.048114843750000004 0.15839921875000001 0.038194531250000004 0.15376953124999998 0.0349703125 0.1461640625 0.033978125 0.14120390625 0.036458593750000004 0.13921953125 0.0404265625 0.13822734375 0.05282734375 0.13955 0.058283593749999994 0.14351875 0.0625 0.15410078124999999 0.06448437500000001
2 0.54001328125 0 0.54001328125 0.0017359375 0.53174609375 0.014136718749999999 0.5228171875000001 0.02430546875 0.51620390625 0.03521796875 0.51587265625 0.042162500000000006 0.5185187499999999 0.050346875 0.52546328125 0.0615078125 0.53339921875 0.06919609374999999 0.53703671875 0.06746015625 0.53902109375 0.06349218749999999 0.5479499999999999 0.05753984375 0.54828046875 0.04836328125 0.5562171874999999 0.0369546875 0.5562171874999999 0.03166328125 0.5582007812499999 0.028521875000000002 0.5644843749999999 0.02876953125 0.568121875 0.02529765625 0.5747351562499999 0.013889062499999999 0.5770500000000001 0 0.54001328125 0
2 0.42394218749999996 0.23511875 0.42791015625 0.23834296875 0.46329374999999995 0.24751953124999998 0.46990703125 0.24677578125 0.472553125 0.24454375 0.47387578125 0.23859140625 0.47387578125 0.22792656249999999 0.47123046874999996 0.22147812500000003 0.47089921874999996 0.216765625 0.46693125 0.2103171875 0.4513890625 0.19990078125 0.44708984375 0.19990078125 0.443121875 0.201140625 0.435515625 0.19990078125 0.43154765624999997 0.20039687499999997 0.42989453125 0.20138906250000002 0.42592578124999997 0.20833359375 0.42162734375 0.21081328125 0.41865078125000005 0.21453359375 0.4143515625 0.216765625 0.4143515625 0.2259421875 0.41567421875 0.2299109375 0.4183203125 0.23313515625 0.42394218749999996 0.23511875
2 0.391534375 0.257440625 0.40740703125 0.2638890625 0.4236109375 0.26364062499999996 0.43154765624999997 0.25967265624999997 0.43419296875 0.2557046875 0.43518515625000004 0.25148828125 0.42890234375 0.23908749999999998 0.41699765624999996 0.23288671875000003 0.4146828125 0.22891875 0.41402109375 0.22023828124999997 0.4126984375 0.2177578125 0.40773828125 0.21626953124999998 0.40013203124999996 0.21825390625000002 0.38921953125000003 0.22395859375 0.38359765625 0.22867031249999997 0.38293671875 0.23040703125 0.38260546875 0.23983125 0.38425937499999996 0.24677578125 0.38657421875 0.25248046875 0.391534375 0.257440625
2 0.34325390625 0.37400781250000004 0.35714296874999996 0.38467265624999997 0.35978828125 0.38839296874999996 0.35383593750000003 0.39136875 0.3485453125 0.3923609375 0.34788359375 0.39459296875 0.34556875 0.3963296875 0.3485453125 0.3978171875 0.34920625 0.40029765624999997 0.354828125 0.404265625 0.36078046874999997 0.40625 0.3779765625 0.404265625 0.39847890625 0.387153125 0.40277812500000004 0.38095234375000003 0.406415625 0.3630953125 0.4054234375 0.34920625 0.40376953125000004 0.3454859375 0.40740703125 0.34176562499999996 0.40740703125 0.33779765624999997 0.40443125 0.33407734375000003 0.39318749999999997 0.33308515625 0.3650796875 0.32663671875 0.35813515625000003 0.32961328125 0.3501984375 0.3353171875 0.3320109375 0.34300625 0.32837265625 0.346478125 0.3260578125 0.351190625 0.32572734375 0.3576390625 0.32936484374999997 0.3650796875 0.33829375 0.36879921875 0.34325390625 0.37400781250000004
2 0.413690625 0.39955390625 0.41765859375 0.40376953125000004 0.42427265625 0.408234375 0.439153125 0.4154265625 0.443121875 0.41517890625 0.45833359375000005 0.39657734375000003 0.45899453125 0.38814453125 0.45502656249999995 0.37996015625 0.44708984375 0.37648828125 0.43882265625 0.37450390625 0.4401453125 0.37276796874999996 0.43849218749999996 0.36631953125 0.435515625 0.362103125 0.43253984375 0.36259921875 0.42261875 0.35987109375 0.42030390625 0.35813515625000003 0.4163359375 0.359375 0.41137578125 0.359375 0.40674609375 0.36433515625 0.40509296875 0.36904765624999997 0.40476171875 0.37896796875 0.40310859375 0.38467265624999997 0.40740703125 0.3963296875 0.413690625 0.39955390625
