0 0.292328125 0.4861109375 0.29100546875 0.48487109375 0.2860453125 0.484375 0.28306875 0.4759421875 0.27612421875000004 0.47395859375000005 0.2748015625 0.4744546875 0.27050234375 0.48387890625 0.27050234375 0.48710312499999997 0.27579375 0.48958359375000005 0.281415625 0.48933515625 0.292328125 0.4861109375
0 0.26455 0.25793671875 0.2619046875 0.25868046875 0.26157421875 0.26066484375 0.2675265625 0.2638890625 0.26719609375000003 0.25892890625 0.26455 0.25793671875
0 0.6699734375 0.8970734374999999 0.6693125 0.8923609375 0.6679890625 0.8950890625 0.66567421875 0.8958335937499999 0.66600546875 0.8978171875 0.6699734375 0.8970734374999999
0 0.67261875 0.734375 0.6739421875 0.731646875 0.67427265625 0.72470234375 0.66170625 0.7165179687500001 0.65046328125 0.7165179687500001 0.6478171875000001 0.7234625 0.6481484375 0.7304070312500001 0.65376953125 0.73759921875 0.6626984375 0.7380953124999999 0.67261875 0.734375
0 0.66170625 0.6966765625 0.66600546875 0.69618046875 0.66865078125 0.6932046875 0.6679890625 0.6897320312499999 0.67063515625 0.6852679687500001 0.65476171875 0.68055546875 0.652446875 0.68204375 0.65079375 0.68601171875 0.6531085937500001 0.69072421875 0.65839921875 0.69543671875 0.66170625 0.6966765625
0 0.7986109375 0.0682046875 0.8015874999999999 0.06646796875 0.8035710937499999 0.0615078125 0.8022484375 0.04761875 0.7986109375 0.045635156249999996 0.7949734375 0.046378906250000004 0.7926585937499999 0.04836328125 0.79100546875 0.052331249999999996 0.79067421875 0.06225234375000001 0.79166640625 0.065228125 0.7943125 0.0682046875 0.7986109375 0.0682046875
2 0.92228828125 0.70858125 0.92261875 0.7123015625 0.9308859375 0.73115078125 0.9355156250000001 0.7361109375 0.939153125 0.73288671875 0.9460976562500001 0.7224703124999999 0.95370390625 0.7170140625 0.9550265625 0.7088296875 0.95436484375 0.7048609375 0.9593257812499999 0.70188515625 0.9613093750000001 0.69766875 0.9589945312499999 0.68824375 0.95469609375 0.684771875 0.95370390625 0.67733125 0.9477515625 0.67113125 0.94179921875 0.6619546875 0.93154765625 0.65376953125 0.92791015625 0.652778125 0.9156742187500001 0.6532734375 0.902778125 0.65600234375 0.9034390625000001 0.6688984375 0.92030390625 0.69642890625 0.9196429687500001 0.7051093749999999 0.92228828125 0.70858125
2 0.9785054687500001 0.7442953125 0.9818125 0.74330390625 0.9884257812499999 0.7177578125 0.9884257812499999 0.71254921875 0.98280390625 0.70436484375 0.97751328125 0.699653125 0.9626320312500001 0.69518828125 0.96097890625 0.7008929687500001 0.9556875 0.7041171875 0.95469609375 0.7070929687499999 0.95436484375 0.71850234375 0.9583335937499999 0.722221875 0.968915625 0.7366070312499999 0.9785054687500001 0.7442953125
2 0.553240625 0.59920625 0.55357109375 0.60317421875 0.5578703125 0.6073906250000001 0.5638226562499999 0.61011875 0.5651453125 0.6127234374999999 0.56481484375 0.61805546875 0.5585320312500001 0.6297125 0.5588625 0.6383929687500001 0.56316171875 0.6443453124999999 0.5625 0.6542656250000001 0.568121875 0.6634421875000001 0.57671953125 0.6696429687500001 0.57837265625 0.67373515625 0.5770500000000001 0.6852679687500001 0.5747351562499999 0.6884921875 0.57506640625 0.70262890625 0.5780421875 0.7068453124999999 0.5800265625 0.7078375 0.58399453125 0.7078375 0.59160078125 0.70634921875 0.5968914062499999 0.70337265625 0.60284375 0.70262890625 0.6150796875 0.6959328124999999 0.6263226562499999 0.68725234375 0.6296296875 0.68253984375 0.6445109375 0.6698906250000001 0.6428570312499999 0.6661703125 0.64219609375 0.65674609375 0.6461640625 0.6542656250000001 0.65410078125 0.6540179687500001 0.65773828125 0.65575390625 0.65873046875 0.65501015625 0.65806875 0.64856171875 0.66534375 0.62425625 0.67030390625 0.621528125 0.6729499999999999 0.61557578125 0.67261875 0.6071429687500001 0.66501328125 0.5994546875 0.66236796875 0.5873015625 0.65046328125 0.58134921875 0.641534375 0.57490078125 0.6385578125 0.5709328124999999 0.6263226562499999 0.5672125 0.6104499999999999 0.5672125 0.60416640625 0.57018828125 0.60086015625 0.5761406250000001 0.58763203125 0.5791171875 0.5810187499999999 0.57663671875 0.5760578125 0.5709328124999999 0.564153125 0.570684375 0.55489453125 0.574653125 0.55125625 0.57738125 0.54993359375 0.5801093749999999 0.5489421875 0.58407734375 0.5502648437500001 0.58779765625 0.555225 0.5947421875 0.553240625 0.59920625
2 0.59160078125 0.747271875 0.593915625 0.753471875 0.6018515625 0.75868046875 0.60449765625 0.7616570312500001 0.6114421875 0.76488125 0.61375625 0.7636406250000001 0.61640234375 0.75967265625 0.625 0.73983125 0.62533046875 0.7366070312499999 0.6289679687499999 0.7323906250000001 0.630290625 0.72842265625 0.6296296875 0.71850234375 0.626653125 0.7130453125 0.632275 0.7088296875 0.6332671875 0.7008929687500001 0.6316140625 0.6966765625 0.630621875 0.69518828125 0.61904765625 0.69295625 0.61706328125 0.69518828125 0.6038359375 0.7011406250000001 0.6021828124999999 0.70386875 0.59556875 0.70362109375 0.5823414062500001 0.70833359375 0.58134921875 0.7088296875 0.5816796875 0.72668671875 0.58663984375 0.7408234375 0.59160078125 0.747271875
2 0.509259375 0.7170140625 0.5135578125 0.72569453125 0.51719609375 0.72767890625 0.5248015625 0.72891875 0.53306875 0.74479140625 0.5396828124999999 0.75 0.5486109375 0.753471875 0.553240625 0.7537203124999999 0.557209375 0.7509921875 0.57837265625 0.72891875 0.5806875 0.72470234375 0.579034375 0.7123015625 0.5760578125 0.70833359375 0.56746015625 0.70287734375 0.56316171875 0.6865078125 0.5605156250000001 0.68080390625 0.5486109375 0.6775796875 0.5446429687500001 0.67881953125 0.5211640625 0.67162734375 0.51521171875 0.6758429687499999 0.5095898437499999 0.67807578125 0.50231484375 0.6852679687500001 0.50066171875 0.6932046875 0.5029765625 0.70436484375 0.50793671875 0.7103171875000001 0.509259375 0.7170140625
2 0.4606484375 0.5582835937499999 0.45833359375000005 0.56200390625 0.45238125 0.5798609375 0.45205 0.5907734375 0.45072734375 0.59325390625 0.44477500000000003 0.5954859375 0.44609765625 0.601190625 0.45039687500000003 0.6049109374999999 0.4586640625 0.5982140625000001 0.46097890625 0.5927578125 0.4695765625 0.58432578125 0.47486796875000004 0.5763890625 0.476190625 0.5724203125 0.47586015625 0.5682046875 0.48148125 0.5615078125 0.48776484375000007 0.5510914062500001 0.49305546875 0.5458828125 0.49768515625000004 0.5429070312500001 0.50859765625 0.5384421875000001 0.527778125 0.53794609375 0.53306875 0.53670625 0.54034375 0.5322421875 0.54662734375 0.5332343749999999 0.5525796875 0.5359625 0.55489453125 0.53273828125 0.5525796875 0.5220734375 0.5449734375 0.5178570312499999 0.549603125 0.5136406250000001 0.5469578125 0.51041640625 0.53703671875 0.50496015625 0.52876953125 0.50520859375 0.5248015625 0.503471875 0.5013226562499999 0.5057046875 0.49636250000000004 0.512153125 0.4900796875 0.5136406250000001 0.47817421875 0.5193453124999999 0.47321406250000003 0.5265375 0.4623015625 0.53373046875 0.46197109375 0.54092265625 0.464946875 0.5448906250000001 0.46197109375 0.54737109375 0.4606484375 0.5582835937499999
2 0.43683828125 0.46875 0.43981484374999996 0.47172656249999995 0.44080703125 0.486359375 0.443121875 0.48809531249999993 0.44708984375 0.48883906250000003 0.45502656249999995 0.49404765624999997 0.47056875 0.49479140624999995 0.47354531250000004 0.49231171875 0.47552890625 0.48735156249999995 0.47387578125 0.48214296875 0.47552890625 0.47817421875 0.47189140625 0.4759421875 0.47056875 0.47321406250000003 0.461309375 0.47395859375000005 0.46560859375 0.4630453125 0.46527812500000004 0.4588296875 0.4768515625 0.4484125 0.48115078125000005 0.43898828125 0.48478828125 0.43824375 0.49041015625 0.4392359375 0.494378125 0.43526796875 0.501653125 0.43377968750000007 0.52910078125 0.423859375 0.53736796875 0.41592265624999997 0.53670625 0.41294609375 0.53306875 0.41170625000000005 0.5135578125 0.41765859375 0.5102515624999999 0.41790703125000006 0.50496015625 0.4161703125 0.4937171875 0.41865078125000005 0.47552890625 0.42708359375000005 0.46924609375 0.42881953125 0.46461640624999995 0.43253984375 0.45601875 0.43650781250000004 0.44642890625 0.43849218749999996 0.439484375 0.4432046875 0.443121875 0.45039687500000003 0.435846875 0.4588296875 0.435846875 0.46329374999999995 0.43683828125 0.46875
2 0.22552890625000002 0.502728125 0.22817421875 0.5037203124999999 0.23412734375 0.50322421875 0.23776484375 0.50669609375 0.23677265625000002 0.5138890625 0.23842578125 0.5178570312499999 0.24007968750000003 0.519096875 0.24603203125 0.51884921875 0.24966953125 0.5178570312499999 0.26058203125 0.50942421875 0.266534375 0.5022320312499999 0.27215625 0.49776796875 0.27546328125 0.49404765624999997 0.27579375 0.491815625 0.27579375 0.4900796875 0.2731484375 0.48834296874999994 0.277446875 0.48387890625 0.27910078125000004 0.48462265625 0.28339921874999996 0.48387890625 0.28439140625000003 0.47817421875 0.27976171875 0.47296640625 0.2804234375 0.4704859375 0.2784390625 0.466765625 0.2695109375 0.46502968750000007 0.25925937499999996 0.46527812500000004 0.25429921875 0.46726171875 0.25066171875 0.46726171875 0.24140234375 0.47222187499999996 0.23379609375000002 0.4744546875 0.2304890625 0.47941484375 0.2179234375 0.48412734375 0.21395468750000002 0.48809531249999993 0.21329375 0.4900796875 0.21693125000000002 0.49379921875 0.2232140625 0.49702343750000005 0.22552890625000002 0.502728125
2 0.67493359375 0.612846875 0.6755953124999999 0.6150796875 0.68154765625 0.61631953125 0.6848546875 0.6111109375 0.6835320312500001 0.60689453125 0.6894843749999999 0.60317421875 0.6937828125000001 0.59623046875 0.693121875 0.59350234375 0.689153125 0.59399765625 0.6875 0.5927578125 0.6888226562499999 0.58779765625 0.6914679687499999 0.5865578124999999 0.69345234375 0.5828375 0.6997351562499999 0.5798609375 0.6974203125 0.56336796875 0.69808203125 0.5602679687500001 0.70337265625 0.55753984375 0.7076718750000001 0.55282734375 0.7053570312499999 0.5488593749999999 0.6997351562499999 0.5431546875000001 0.68419296875 0.5354664062500001 0.682209375 0.53199375 0.68419296875 0.5292656250000001 0.6838625 0.52529765625 0.68154765625 0.52182578125 0.67063515625 0.51587265625 0.66336015625 0.51438515625 0.656415625 0.51041640625 0.632275 0.5064484375 0.619709375 0.5071921875000001 0.61441796875 0.5091765625 0.6104499999999999 0.512153125 0.6051585937499999 0.5173609375 0.60350546875 0.52108125 0.6038359375 0.534721875 0.60813515625 0.53794609375 0.6203703125 0.5421625 0.67493359375 0.612846875
2 0.78670625 0.60863125 0.785053125 0.61458359375 0.7857140625000001 0.6212796875000001 0.78670625 0.6240078125 0.7913359375 0.6289679687499999 0.79530390625 0.63988125 0.79034375 0.65748984375 0.79067421875 0.66245078125 0.7946429687500001 0.67038671875 0.79629609375 0.6696429687500001 0.79927265625 0.6619546875 0.79728828125 0.65947421875 0.79728828125 0.65748984375 0.80125625 0.6552578125 0.8025796875 0.65029765625 0.8095234375 0.64136875 0.81018515625 0.6383929687500001 0.81216953125 0.63740078125 0.8125 0.63467265625 0.8161375 0.628471875 0.81845234375 0.6272320312499999 0.8151453125 0.62524765625 0.81481484375 0.61879921875 0.8429234375 0.5880453125 0.84523828125 0.5890375 0.8495367187499999 0.58854140625 0.85152109375 0.58308515625 0.8501984374999999 0.5801093749999999 0.84259296875 0.5771328125 0.84160078125 0.575396875 0.82837265625 0.5664679687499999 0.8194445312499999 0.55753984375 0.8144843749999999 0.55481171875 0.8032406249999999 0.55580390625 0.79828046875 0.5580359374999999 0.79563515625 0.56175625 0.79199765625 0.56274765625 0.78273828125 0.5625 0.78075390625 0.5642359375 0.77943125 0.56870078125 0.78240703125 0.57787734375 0.7863757812500001 0.60143828125 0.78670625 0.60863125
0 0.45833359375000005 0.84449375 0.46329374999999995 0.84251015625 0.4695765625 0.8370539062500001 0.4679234375 0.82862109375 0.4586640625 0.8226687500000001 0.45502656249999995 0.8219242187500001 0.44642890625 0.8244046875000001 0.44675937499999996 0.82936484375 0.4437828125 0.8338296875 0.443121875 0.83779765625 0.4474203125 0.8417656250000001 0.45105781250000004 0.84350234375 0.45833359375000005 0.84449375
0 0.52347890625 0.8826882812499999 0.52347890625 0.8767359375 0.52149453125 0.87524765625 0.5135578125 0.8732640625 0.5095898437499999 0.87351171875 0.50496015625 0.8769843749999999 0.5036375 0.8794640625 0.5042992187500001 0.8923609375 0.512896875 0.8926093749999999 0.5198414062500001 0.88988125 0.52347890625 0.8826882812499999
0 0.3640875 0.6103671875 0.36772499999999997 0.6071429687500001 0.36640234375 0.60342265625 0.3614421875 0.601934375 0.35714296874999996 0.5974703124999999 0.35317421875 0.59895859375 0.35086015625 0.601934375 0.351190625 0.6071429687500001 0.35416640625 0.6111109375 0.35813515625000003 0.6116070312499999 0.3640875 0.6103671875
0 0.40443125 0.625 0.40806875 0.62351171875 0.41071406250000003 0.61954375 0.410053125 0.61532734375 0.40806875 0.6130953124999999 0.40443125 0.61458359375 0.3998015625 0.6135914062500001 0.39649453125 0.61706328125 0.39583359375 0.6192953125 0.39748671875 0.62251953125 0.40079374999999995 0.62475234375 0.40443125 0.625
