2 0.6167328125 0.57043671875 0.626653125 0.5761406250000001 0.63095234375 0.57663671875 0.6345898437499999 0.5739085937499999 0.6385578125 0.57316484375 0.64219609375 0.56919609375 0.6514546875 0.565971875 0.6699734375 0.56770859375 0.6855156250000001 0.57192421875 0.693121875 0.5761406250000001 0.7010578125 0.5771328125 0.71660078125 0.5602679687500001 0.71825390625 0.55580390625 0.718584375 0.5404265625 0.72023828125 0.53720234375 0.72784375 0.5332343749999999 0.7318125 0.5228171875000001 0.73677265625 0.52157734375 0.7453703125 0.5136406250000001 0.7457007812499999 0.50967265625 0.74404765625 0.50595234375 0.73875625 0.49950390625 0.73511875 0.49851171875 0.71296328125 0.482390625 0.692790625 0.48090312500000004 0.68154765625 0.476934375 0.6739421875 0.4759421875 0.6696429687500001 0.47643828125 0.65740703125 0.48387890625 0.648809375 0.4982640625 0.6451718750000001 0.50049609375 0.6352515624999999 0.51066484375 0.62466953125 0.51711328125 0.619709375 0.52430546875 0.6147484375000001 0.52430546875 0.6127648437500001 0.53050625 0.6094578125 0.5352179687499999 0.6068125 0.5448906250000001 0.6071429687500001 0.55307578125 0.61011875 0.5602679687500001 0.6134257812499999 0.56299609375 0.6167328125 0.57043671875
0 0.88095234375 0.596478125 0.88458984375 0.5977179687499999 0.8895500000000001 0.5977179687499999 0.8961640624999999 0.59424609375 0.9001320312500001 0.5900296875000001 0.9093914062499999 0.5838296875 0.91137578125 0.5801093749999999 0.90773828125 0.56845234375 0.90839921875 0.5602679687500001 0.9034390625000001 0.55611328125 0.902778125 0.54935546875 0.9001320312500001 0.54637890625 0.8839289062500001 0.5429070312500001 0.87533046875 0.54538671875 0.8736773437500001 0.54737109375 0.8736773437500001 0.5682046875 0.8759921875 0.5880453125 0.8776453125 0.5927578125 0.88095234375 0.596478125
0 0.90873046875 0.62623984375 0.9193125 0.6150796875 0.920965625 0.6001984375 0.92261875 0.5954859375 0.9199734375 0.5907734375 0.9100531249999999 0.58705390625 0.90410078125 0.5873015625 0.8941796875 0.596478125 0.8816140625 0.6113593749999999 0.88095234375 0.6230156250000001 0.88458984375 0.628471875 0.90410078125 0.6279765625 0.90873046875 0.62623984375
0 0.94345234375 0.55357109375 0.9510578125 0.55233125 0.95998671875 0.5488593749999999 0.96726171875 0.53720234375 0.97123046875 0.5186015625 0.9715609374999999 0.512896875 0.96825390625 0.50024765625 0.96362421875 0.49727187500000003 0.95469609375 0.49751953125000004 0.94708984375 0.5 0.9424601562499999 0.5057046875 0.942790625 0.50967265625 0.9404765625 0.5133929687500001 0.9302250000000001 0.5198414062500001 0.9255953124999999 0.52504921875 0.9229499999999999 0.53149765625 0.9229499999999999 0.54092265625 0.9292328124999999 0.5491070312499999 0.93518515625 0.5525796875 0.94345234375 0.55357109375
0 0.9861109375 0.51711328125 0.9907406249999999 0.52058515625 0.99404765625 0.52604140625 0.99768515625 0.5290179687500001 0.99966953125 0.5290179687500001 0.99966953125 0.49751953125000004 0.9861109375 0.49553593749999997 0.9735453125 0.49900781250000004 0.968915625 0.50148828125 0.9695765625 0.50620078125 0.9735453125 0.512153125 0.9821429687500001 0.51636875 0.9861109375 0.51711328125
0 0.97123046875 0.61706328125 0.9788359375000001 0.617559375 0.9884257812499999 0.6202875 0.99966953125 0.621528125 0.99966953125 0.5880453125 0.98280390625 0.5892859374999999 0.9781742187500001 0.59126953125 0.97387578125 0.5954859375 0.972221875 0.60342265625 0.96759296875 0.61086328125 0.96825390625 0.61532734375 0.97123046875 0.61706328125
2 0.81845234375 0.7978671875 0.8270500000000001 0.79613125 0.8376320312500001 0.78794609375 0.83597890625 0.7829859375 0.82837265625 0.77455390625 0.81481484375 0.7646328125 0.80654765625 0.7633929687500001 0.8039023437499999 0.76612109375 0.8005953124999999 0.7728171875000001 0.8009257812499999 0.78720234375 0.8039023437499999 0.79141875 0.8105156250000001 0.796875 0.81845234375 0.7978671875
2 0.6276453125 0.7958828125 0.634259375 0.79761875 0.6461640625 0.796875 0.65839921875 0.78720234375 0.66534375 0.7792656250000001 0.66666640625 0.7713296875 0.66402109375 0.7626484375 0.66236796875 0.76016875 0.65773828125 0.7584328124999999 0.65376953125 0.75496015625 0.64748671875 0.7542164062500001 0.6187171874999999 0.75694453125 0.6134257812499999 0.75967265625 0.6111109375 0.7626484375 0.61706328125 0.778521875 0.6167328125 0.7832343749999999 0.61904765625 0.78993046875 0.6276453125 0.7958828125
2 0.7013890625 0.799603125 0.71329375 0.80282734375 0.71825390625 0.8025796875 0.72486796875 0.78745078125 0.72288359375 0.778521875 0.72023828125 0.77356171875 0.704034375 0.76711328125 0.6894843749999999 0.7636406250000001 0.68154765625 0.76413671875 0.67890234375 0.76686484375 0.6792328125 0.77529765625 0.6855156250000001 0.7782734375 0.693121875 0.7948906250000001 0.7013890625 0.799603125
2 0.36541015625 0.76537734375 0.3703703125 0.7713296875 0.37599218749999996 0.77579375 0.380290625 0.77529765625 0.3925265625 0.7695929687499999 0.39384921875 0.76240078125 0.39649453125 0.75868046875 0.3978171875 0.7477679687500001 0.39616406249999997 0.74404765625 0.38458984375 0.73288671875 0.3786375 0.73387890625 0.37400781250000004 0.7326390625 0.37268515625 0.7271828124999999 0.37169296875 0.72891875 0.36574062500000004 0.7313984375 0.3630953125 0.73685546875 0.3594578125 0.7380953124999999 0.3558203125 0.74131953125 0.35383593750000003 0.7482640625 0.35350546875 0.7519843749999999 0.35714296874999996 0.7584328124999999 0.36276484375 0.75967265625 0.36541015625 0.76537734375
2 0.33333359375 0.7782734375 0.33498671875 0.77876953125 0.3392859375 0.783978125 0.34424609375 0.7854664062500001 0.34887578124999996 0.79067421875 0.3518515625 0.79166640625 0.35714296874999996 0.78993046875 0.3611109375 0.7924109374999999 0.36904765624999997 0.78621015625 0.375 0.7792656250000001 0.37400781250000004 0.7755453125 0.36871718750000004 0.7713296875 0.35284375 0.76810546875 0.34160078125000004 0.76314453125 0.33581328125 0.7646328125 0.32936484374999997 0.76314453125 0.329034375 0.76512890625 0.33134921875 0.76686484375 0.32870390625 0.76884921875 0.3260578125 0.7678570312499999 0.32208984375 0.7703375 0.32142890625 0.7713296875 0.32407421875 0.77604140625 0.32936484374999997 0.7802578125 0.33333359375 0.7782734375
2 0 0.8501984374999999 0.001984375 0.8504460937499999 0.00429921875 0.8556546875000001 0.01058203125 0.862846875 0.013889062499999999 0.86532734375 0.02083359375 0.8673117187500001 0.025463281250000004 0.8730156250000001 0.038690625 0.87450390625 0.045635156249999996 0.8720234375 0.0489421875 0.8695437500000001 0.05654765625 0.85615078125 0.0625 0.8514382812499999 0.06944453125 0.84126953125 0.07109765625 0.8333335937499999 0.068121875 0.8234125000000001 0.06779062500000001 0.8142359375 0.04398125 0.79092265625 0.029100781250000003 0.7859625 0.01223515625 0.7854664062500001 0.00595234375 0.78645859375 0 0.78819453125 0 0.8501984374999999
2 0 0.99975234375 0.04728828125 0.99975234375 0.060515624999999997 0.9905757812499999 0.068121875 0.987846875 0.07705 0.9866070312499999 0.0806875 0.984375 0.08829375 0.9749507812499999 0.09689140625 0.9605656249999999 0.09953671875 0.9422124999999999 0.09755312499999999 0.92336328125 0.08994687500000001 0.9000492187500001 0.08961640625 0.8955851562499999 0.09193124999999999 0.8923609375 0.09160078125 0.88938515625 0.0836640625 0.87648828125 0.0760578125 0.872271875 0.06845234375 0.8705359375 0.04761875 0.87450390625 0.03306875 0.87425625 0.01620390625 0.8787203124999999 0.014881249999999999 0.8804562499999999 0.01620390625 0.8839289062500001 0.014881249999999999 0.8886406250000001 0.016534375 0.89186484375 0.02149453125 0.8923609375 0.025463281250000004 0.89136875 0.029100781250000003 0.8926093749999999 0.03306875 0.89112109375 0.03637578125 0.89211328125 0.03736796875 0.8995539062500001 0.04265859375 0.9156742187500001 0.0443125 0.92782734375 0.050264843749999996 0.9439484374999999 0.03637578125 0.9491570312500001 0.0231484375 0.955853125 0.02149453125 0.9585812499999999 0.01785703125 0.9603171875 0.006944531249999999 0.9707343749999999 0 0.9853671875 0 0.99975234375
2 0.3776453125 0.6572421875 0.38260546875 0.66170625 0.3888890625 0.67435546875 0.39120390625 0.68229140625 0.40013203124999996 0.6946921875000001 0.40277812500000004 0.6922125 0.41336015625 0.68998046875 0.42228828125 0.68253984375 0.42824062500000004 0.66245078125 0.42691796875000004 0.65748984375 0.42129609375 0.652778125 0.42129609375 0.6383929687500001 0.4183203125 0.63045625 0.4143515625 0.62822421875 0.40443125 0.6259921875 0.40046328124999997 0.6259921875 0.39682578125 0.62748046875 0.380621875 0.6259921875 0.37698437500000004 0.62822421875 0.37268515625 0.6366570312500001 0.36772499999999997 0.64136875 0.36706328125 0.6443453124999999 0.36904765624999997 0.65128984375 0.3720234375 0.6552578125 0.3776453125 0.6572421875
2 0.34953671875 0.18626015625 0.35383593750000003 0.18402812500000001 0.3650796875 0.18129921875 0.3786375 0.17038671875 0.38128281249999996 0.164434375 0.38095234375000003 0.15029765625 0.37731484375 0.1450890625 0.3703703125 0.14012890625000002 0.36640234375 0.13913671875 0.35714296874999996 0.13938515625 0.35350546875 0.14037734375 0.34126953125 0.14955390625 0.33597890625 0.16121015625 0.3356484375 0.16641875 0.33796328125 0.17336328125 0.34556875 0.18601171875 0.34953671875 0.18626015625
2 0.36078046874999997 0.20932578125 0.37301562499999996 0.20882968750000003 0.3816140625 0.20089296874999998 0.38624375 0.19345234375 0.38525156250000003 0.180059375 0.380621875 0.16765859375 0.37566171875 0.1736109375 0.3667328125 0.180059375 0.358465625 0.1830359375 0.34556875 0.18526796875 0.34523828125 0.18700390625000002 0.34556875 0.19717265625 0.35284375 0.20486093749999998 0.35714296874999996 0.20808515625 0.36078046874999997 0.20932578125
2 0.2986109375 0.20436484375 0.31051562499999996 0.20535703125000002 0.31448437500000004 0.20287734375 0.31977500000000003 0.19791640625 0.3260578125 0.18824375 0.32771171875 0.18253984375 0.3280421875 0.17063515625 0.3260578125 0.15823437499999998 0.32208984375 0.158978125 0.317790625 0.15748984375 0.31150781250000004 0.1515375 0.30555546875 0.1498015625 0.3025796875 0.14732109375 0.2986109375 0.1478171875 0.29398124999999997 0.15029765625 0.28836015625 0.15575390625000002 0.28174609375 0.16592265625 0.27876953125 0.17435546875000002 0.2784390625 0.1817953125 0.281084375 0.18973203125 0.28670625 0.19692421875 0.2986109375 0.20436484375
2 0.21759296875 0.18080390625 0.22883593750000003 0.18650781249999998 0.23875625 0.18774765625 0.248015625 0.18601171875 0.25628281249999996 0.18080390625 0.25958984375 0.17733125 0.2609125 0.17385937499999998 0.26256640625 0.15426562500000002 0.2536375 0.14037734375 0.24768515624999998 0.1359125 0.24404765624999997 0.1341765625 0.23115078125 0.13268828125 0.222553125 0.133184375 0.21560859375 0.13913671875 0.2103171875 0.1498015625 0.207671875 0.15773828125 0.20800234374999998 0.16170625 0.2103171875 0.16989062500000002 0.21759296875 0.18080390625
2 0.20535703125000002 0.137896875 0.20833359375 0.13913671875 0.21263203125 0.13913671875 0.2215609375 0.13293671875 0.22420625 0.13194453125 0.23015859375 0.132440625 0.23578046874999997 0.13169609375 0.24107109375000002 0.12748046875000002 0.242725 0.11656718749999999 0.24570078125 0.1111109375 0.2344578125 0.09995078125 0.218584375 0.0907734375 0.2050265625 0.08754921875 0.19708984375 0.0880453125 0.193121875 0.0900296875 0.1875 0.09498984375 0.18287031250000002 0.10243046874999999 0.18253984375 0.1123515625 0.18849218750000002 0.1240078125 0.19543671875 0.13120078125 0.20535703125000002 0.137896875
2 0.0909390625 0.18154765625 0.09953671875 0.1827875 0.10284374999999998 0.17385937499999998 0.10515859375 0.171875 0.1094578125 0.1634421875 0.11177265624999999 0.15501015625 0.11276484375 0.15029765625 0.1094578125 0.14459296875 0.10615078124999999 0.14112109374999998 0.09589921875 0.13442421875 0.08399453125 0.13169609375 0.07969609375 0.1321921875 0.0744046875 0.13516875 0.07109765625 0.13864062500000002 0.06944453125 0.14285703125 0.06845234375 0.1478171875 0.07010546875 0.15873046875000002 0.079034375 0.1736109375 0.0909390625 0.18154765625
2 0.06117734375 0.19146796875 0.08234140625 0.19791640625 0.09060859375 0.19791640625 0.09556875000000001 0.1959328125 0.09986796875000001 0.18948437499999998 0.09755312499999999 0.1830359375 0.08697109374999999 0.179315625 0.07936484375 0.1736109375 0.07142890625000001 0.16121015625 0.0707671875 0.15401796875 0.068121875 0.1470734375 0.05753984375 0.14756953125 0.05357109375 0.14955390625 0.0486109375 0.1545140625 0.04629609375 0.16145859375 0.045965624999999996 0.16691484375 0.049272656250000005 0.17733125 0.0558859375 0.18675625 0.06117734375 0.19146796875
0 0.5228171875000001 0.06671640625 0.5357140625000001 0.07886875 0.5446429687500001 0.080853125 0.5486109375 0.08035703125 0.55555546875 0.07614062499999999 0.5585320312500001 0.0682046875 0.5595234375 0.050346875 0.5578703125 0.04439453125 0.5446429687500001 0.0255453125 0.54100546875 0.02157734375 0.53306875 0.01686484375 0.52910078125 0.01686484375 0.52347890625 0.02157734375 0.5211640625 0.02504921875 0.523809375 0.03794609375 0.5228171875000001 0.050346875 0.52050234375 0.05555546875 0.5228171875000001 0.06671640625
0 0.68716953125 0 0.68518515625 0.00892890625 0.6855156250000001 0.02058515625 0.689153125 0.0295140625 0.6970898437499999 0.03621015625 0.7010578125 0.03670625 0.7123015625 0.0357140625 0.7195765625 0.02504921875 0.7218914062499999 0 0.68716953125 0
0 0.744378125 0 0.7453703125 0.00967265625 0.751653125 0.017609375 0.75892890625 0.02356171875 0.76719609375 0.02604140625 0.7711640625 0.0255453125 0.78240703125 0.021081250000000003 0.79067421875 0.00768828125 0.7923281249999999 0 0.744378125 0
0 0.7943125 0 0.79034375 0.01041640625 0.78306875 0.0213296875 0.7896828124999999 0.028521875000000002 0.799603125 0.03348203125 0.81018515625 0.03348203125 0.8164679687499999 0.03199375 0.8187828125 0.030257812499999998 0.8217593750000001 0.0248015625 0.8227515625 0.021825781250000002 0.82208984375 0.01537734375 0.81845234375 0.015625 0.8115078125 0.01884921875 0.80654765625 0.018353125 0.80125625 0.01240078125 0.795965625 0.0037203124999999997 0.79530390625 0 0.7943125 0
0 0.79728828125 0 0.80191796875 0.01240078125 0.8062171875 0.017609375 0.810846875 0.019096875 0.8201054687499999 0.015128906249999999 0.82506640625 0.011160937499999999 0.8306875 0.001984375 0.8306875 0 0.79728828125 0
0 0.83134921875 0 0.83134921875 0.00223203125 0.82671953125 0.00967265625 0.825396875 0.0166171875 0.82506640625 0.02157734375 0.82936484375 0.030257812499999998 0.8382937500000001 0.036458593750000004 0.84490703125 0.0384421875 0.8492062499999999 0.03794609375 0.85879609375 0.03100234375 0.8664023437499999 0.021081250000000003 0.86904765625 0.01016875 0.8673945312500001 0 0.83134921875 0
0 0.77711640625 0.0431546875 0.77943125 0.0369546875 0.77546328125 0.03149765625 0.7711640625 0.028273437499999998 0.7635578125 0.028273437499999998 0.75859765625 0.03199375 0.7562828125000001 0.0376984375 0.7635578125 0.04613125 0.77149453125 0.04613125 0.77711640625 0.0431546875
2 0.50694453125 0.3611109375 0.505621875 0.37177578125 0.50859765625 0.37623984374999997 0.5119046875000001 0.39260937500000004 0.516534375 0.404265625 0.52083359375 0.40649765625 0.52943125 0.40674609375 0.54828046875 0.4005453125 0.55489453125 0.39608125 0.5625 0.3869046875 0.5770500000000001 0.378471875 0.579034375 0.37425625 0.58134921875 0.37301562499999996 0.5823414062500001 0.36135937500000004 0.5760578125 0.34399765625 0.5720898437499999 0.33878984375 0.5664679687499999 0.335565625 0.5625 0.33010937500000004 0.55489453125 0.324653125 0.5525796875 0.32415703125 0.53273828125 0.32886875 0.52413984375 0.33358125 0.5115742187500001 0.3373015625 0.5095898437499999 0.340278125 0.512896875 0.34623046875 0.5119046875000001 0.3509421875 0.5095898437499999 0.3536703125 0.50694453125 0.3611109375
